0 0.6057692307692307 0.28725961538461536 0.029447115384615384 0.028846153846153848
0 0.6526442307692307 0.12860576923076922 0.04807692307692308 0.02674278846153846
0 0.7920673076923077 0.05889423076923077 0.028245192307692308 0.029447115384615384
2 0.6286057692307693 0.7932692307692307 0.11177884615384616 0.11117788461538461
2 0.7043269230769231 0.6370192307692307 0.06310096153846154 0.028846153846153848
2 0.8137019230769231 0.65625 0.021634615384615384 0.022235576923076924
2 0.9206730769230769 0.4387019230769231 0.012319711538461538 0.01201923076923077
2 0.7560096153846154 0.08173076923076923 0.02013221153846154 0.020733173076923076
2 0.7355769230769231 0.04807692307692308 0.031850961538461536 0.03064903846153846
2 0.8233173076923077 0.019230769230769232 0.013221153846153846 0.013221153846153846
2 0.6117788461538461 0.3317307692307692 0.014423076923076924 0.014423076923076924
2 0.515625 0.5913461538461539 0.019230769230769232 0.018629807692307692
2 0.4879807692307692 0.5637019230769231 0.013822115384615384 0.021935096153846152
2 0.31490384615384615 0.578125 0.043870192307692304 0.03125
2 0.49278846153846156 0.4362980769230769 0.013822115384615384 0.021935096153846152
2 0.38822115384615385 0.36899038461538464 0.021334134615384616 0.021334134615384616
2 0.359375 0.33052884615384615 0.026141826923076924 0.019230769230769232
2 0.28725961538461536 0.3004807692307692 0.026442307692307692 0.014423076923076924
2 0.1971153846153846 0.36899038461538464 0.010216346153846154 0.01201923076923077
2 0.052884615384615384 0.42908653846153844 0.015625 0.015625
2 0.015625 0.4182692307692308 0.014423076923076924 0.015024038461538462
2 0.41586538461538464 0.27283653846153844 0.013822115384615384 0.016826923076923076
2 0.2920673076923077 0.34134615384615385 0.020432692307692308 0.020733173076923076
2 0.9086538461538461 0.23076923076923078 0.04296875 0.07752403846153846
2 0.7379807692307693 0.9038461538461539 0.10576923076923077 0.07632211538461539
2 0.8605769230769231 0.9663461538461539 0.07692307692307693 0.0673076923076923