0 0.6069711538461539 0.28966346153846156 0.029747596153846152 0.030048076923076924
0 0.6526442307692307 0.12860576923076922 0.046274038461538464 0.025841346153846152
0 0.7908653846153846 0.057692307692307696 0.034254807692307696 0.023737980769230768
2 0.6286057692307693 0.7932692307692307 0.0985576923076923 0.12439903846153846
2 0.7043269230769231 0.6370192307692307 0.06280048076923077 0.028846153846153848
2 0.8137019230769231 0.65625 0.019230769230769232 0.024639423076923076
2 0.9206730769230769 0.4387019230769231 0.009915865384615384 0.014423076923076924
2 0.7560096153846154 0.08173076923076923 0.016526442307692308 0.024338942307692308
2 0.7355769230769231 0.04807692307692308 0.024639423076923076 0.03786057692307692
2 0.8233173076923077 0.019230769230769232 0.013221153846153846 0.013221153846153846
2 0.6117788461538461 0.3317307692307692 0.014423076923076924 0.014423076923076924
2 0.515625 0.5913461538461539 0.019230769230769232 0.018629807692307692
2 0.4879807692307692 0.5637019230769231 0.017427884615384616 0.018329326923076924
2 0.31490384615384615 0.578125 0.043870192307692304 0.03125
2 0.49278846153846156 0.4362980769230769 0.017427884615384616 0.018329326923076924
2 0.38822115384615385 0.36899038461538464 0.021033653846153848 0.021033653846153848
2 0.359375 0.33052884615384615 0.026141826923076924 0.019230769230769232
2 0.28725961538461536 0.3004807692307692 0.020432692307692308 0.020432692307692308
2 0.1971153846153846 0.36899038461538464 0.010216346153846154 0.01201923076923077
2 0.052884615384615384 0.42908653846153844 0.019230769230769232 0.01201923076923077
2 0.015625 0.4182692307692308 0.019230769230769232 0.010216346153846154
2 0.41586538461538464 0.27283653846153844 0.013822115384615384 0.016826923076923076
2 0.2920673076923077 0.34134615384615385 0.020432692307692308 0.021033653846153848
2 0.9086538461538461 0.23076923076923078 0.05979567307692308 0.060697115384615384
2 0.7379807692307693 0.9038461538461539 0.10576923076923077 0.07632211538461539
2 0.8605769230769231 0.9663461538461539 0.07692307692307693 0.0673076923076923