0 0.6033653846153846 0.2932692307692308 0.030048076923076924 0.03064903846153846
0 0.6490384615384616 0.13221153846153846 0.038461538461538464 0.038161057692307696
0 0.7884615384615384 0.06129807692307692 0.03786057692307692 0.021935096153846152
2 0.6262019230769231 0.7920673076923077 0.10096153846153846 0.1219951923076923
2 0.7067307692307693 0.6430288461538461 0.04176682692307692 0.042367788461538464
2 0.8125 0.6610576923076923 0.020432692307692308 0.028245192307692308
2 0.9194711538461539 0.4411057692307692 0.018028846153846152 0.018329326923076924
2 0.7560096153846154 0.08774038461538461 0.016826923076923076 0.021334134615384616
2 0.7331730769230769 0.052884615384615384 0.024639423076923076 0.03876201923076923
2 0.6105769230769231 0.3389423076923077 0.014723557692307692 0.019230769230769232
2 0.515625 0.5997596153846154 0.023737980769230768 0.023737980769230768
2 0.4879807692307692 0.5649038461538461 0.019831730769230768 0.01953125
2 0.3137019230769231 0.5841346153846154 0.042367788461538464 0.04146634615384615
2 0.49038461538461536 0.4375 0.015024038461538462 0.019831730769230768
2 0.38461538461538464 0.3713942307692308 0.019831730769230768 0.02013221153846154
2 0.3557692307692308 0.3329326923076923 0.027043269230769232 0.02734375
2 0.19471153846153846 0.3737980769230769 0.014423076923076924 0.014423076923076924
2 0.056490384615384616 0.4375 0.017728365384615384 0.018629807692307692
2 0.29086538461538464 0.34615384615384615 0.021634615384615384 0.022235576923076924
2 0.9002403846153846 0.23798076923076922 0.06400240384615384 0.06310096153846154
2 0.7331730769230769 0.9050480769230769 0.09645432692307693 0.07692307692307693
2 0.8605769230769231 0.9663461538461539 0.07692307692307693 0.0673076923076923
2 0.29086538461538464 0.3088942307692308 0.0234375 0.02403846153846154
2 0.41225961538461536 0.27524038461538464 0.016826923076923076 0.016526442307692308
2 0.009615384615384616 0.42788461538461536 0.018629807692307692 0.014423076923076924
2 0.8185096153846154 0.025240384615384616 0.009615384615384616 0.021334134615384616