0 0.6033653846153846 0.2932692307692308 0.027644230769230768 0.029447115384615384
0 0.6502403846153846 0.13581730769230768 0.03756009615384615 0.037259615384615384
0 0.7884615384615384 0.06370192307692307 0.029447115384615384 0.030348557692307692
2 0.6225961538461539 0.7956730769230769 0.09164663461538461 0.11568509615384616
2 0.7067307692307693 0.6418269230769231 0.04296875 0.04326923076923077
2 0.8149038461538461 0.6598557692307693 0.01953125 0.026141826923076924
2 0.9206730769230769 0.44350961538461536 0.013822115384615384 0.021334134615384616
2 0.7548076923076923 0.08774038461538461 0.014723557692307692 0.026141826923076924
2 0.7331730769230769 0.051682692307692304 0.030348557692307692 0.030348557692307692
2 0.8149038461538461 0.021634615384615384 0.014423076923076924 0.019230769230769232
2 0.6117788461538461 0.3389423076923077 0.016826923076923076 0.016826923076923076
2 0.515625 0.6009615384615384 0.02283653846153846 0.022536057692307692
2 0.4855769230769231 0.5673076923076923 0.021935096153846152 0.021334134615384616
2 0.3125 0.5853365384615384 0.039663461538461536 0.038461538461538464
2 0.4879807692307692 0.43990384615384615 0.014423076923076924 0.019831730769230768
2 0.38461538461538464 0.3713942307692308 0.019230769230769232 0.019831730769230768
2 0.35336538461538464 0.3317307692307692 0.025841346153846152 0.025841346153846152
2 0.052884615384615384 0.4387019230769231 0.022235576923076924 0.021634615384615384
2 0.28846153846153844 0.34375 0.01953125 0.024338942307692308
2 0.8978365384615384 0.23677884615384615 0.04567307692307692 0.07421875
2 0.7307692307692307 0.9038461538461539 0.11538461538461539 0.08713942307692307
2 0.8581730769230769 0.9663461538461539 0.07692307692307693 0.0673076923076923
2 0.01201923076923077 0.43028846153846156 0.01953125 0.019230769230769232
2 0.28725961538461536 0.31009615384615385 0.026442307692307692 0.015024038461538462