0 0.6189903846153846 0.515625 0.038461538461538464 0.038161057692307696
0 0.671875 0.2920673076923077 0.055588942307692304 0.03365384615384615
0 0.8317307692307693 0.18990384615384615 0.0390625 0.028846153846153848
0 0.5252403846153846 0.056490384615384616 0.03155048076923077 0.026141826923076924
0 0.6814903846153846 0.054086538461538464 0.02283653846153846 0.022536057692307692
2 0.5120192307692307 0.984375 0.028245192307692308 0.027644230769230768
2 0.47475961538461536 0.9375 0.014423076923076924 0.038161057692307696
2 0.24639423076923078 0.9615384615384616 0.04567307692307692 0.04567307692307692
2 0.47836538461538464 0.734375 0.015024038461538462 0.03125
2 0.6298076923076923 0.5793269230769231 0.014723557692307692 0.01953125
2 0.3545673076923077 0.6310096153846154 0.021634615384615384 0.03365384615384615
2 0.3173076923076923 0.5721153846153846 0.029447115384615384 0.029447115384615384
2 0.234375 0.5348557692307693 0.02794471153846154 0.027644230769230768
2 0.11899038461538461 0.6346153846153846 0.019230769230769232 0.01893028846153846
2 0.3870192307692308 0.4891826923076923 0.013822115384615384 0.026141826923076924
2 0.7920673076923077 0.22956730769230768 0.019230769230769232 0.03365384615384615
2 0.765625 0.17427884615384615 0.03756009615384615 0.037259615384615384
2 0.8653846153846154 0.13581730769230768 0.013822115384615384 0.013221153846153846
2 0.2403846153846154 0.5901442307692307 0.023137019230769232 0.022536057692307692
2 0.9723557692307693 0.43149038461538464 0.052884615384615384 0.09885817307692307
2 0.037259615384615384 0.23076923076923078 0.016526442307692308 0.024338942307692308