0 0.6213942307692307 0.5456730769230769 0.03665865384615385 0.04266826923076923
0 0.6730769230769231 0.3112980769230769 0.04657451923076923 0.04657451923076923
0 0.8341346153846154 0.2091346153846154 0.042067307692307696 0.03245192307692308
0 0.5240384615384616 0.06971153846153846 0.027043269230769232 0.026141826923076924
0 0.6802884615384616 0.06610576923076923 0.02283653846153846 0.022235576923076924
2 0.109375 0.671875 0.015625 0.015625
2 0.47475961538461536 0.7752403846153846 0.021033653846153848 0.021033653846153848
2 0.34975961538461536 0.6622596153846154 0.021033653846153848 0.028846153846153848
2 0.3125 0.6033653846153846 0.028545673076923076 0.033052884615384616
2 0.2283653846153846 0.5673076923076923 0.028545673076923076 0.019230769230769232
2 0.38461538461538464 0.5192307692307693 0.009615384615384616 0.024338942307692308
2 0.6310096153846154 0.6129807692307693 0.01201923076923077 0.019230769230769232
2 0.796875 0.24759615384615385 0.017728365384615384 0.018329326923076924
2 0.7680288461538461 0.19471153846153846 0.042367788461538464 0.04176682692307692
2 0.8677884615384616 0.15144230769230768 0.013822115384615384 0.023737980769230768
2 0.23076923076923078 0.625 0.019230769230769232 0.024338942307692308
2 0.9735576923076923 0.46033653846153844 0.052884615384615384 0.11298076923076923
2 0.4723557692307692 0.9903846153846154 0.014423076923076924 0.014423076923076924
2 0.04927884615384615 0.4170673076923077 0.016826923076923076 0.021334134615384616