0 0.6213942307692307 0.5456730769230769 0.039963942307692304 0.03936298076923077
0 0.6730769230769231 0.3112980769230769 0.04657451923076923 0.04657451923076923
0 0.8341346153846154 0.2091346153846154 0.03786057692307692 0.03786057692307692
0 0.5240384615384616 0.06971153846153846 0.029447115384615384 0.023737980769230768
0 0.6802884615384616 0.06610576923076923 0.019230769230769232 0.026141826923076924
2 0.109375 0.671875 0.01201923076923077 0.019230769230769232
2 0.47475961538461536 0.7752403846153846 0.016526442307692308 0.026141826923076924
2 0.34975961538461536 0.6622596153846154 0.024939903846153848 0.025240384615384616
2 0.3125 0.6033653846153846 0.030949519230769232 0.03064903846153846
2 0.2283653846153846 0.5673076923076923 0.028545673076923076 0.019230769230769232
2 0.38461538461538464 0.5192307692307693 0.009615384615384616 0.024338942307692308
2 0.6310096153846154 0.6129807692307693 0.01201923076923077 0.019230769230769232
2 0.796875 0.24759615384615385 0.01622596153846154 0.019831730769230768
2 0.7680288461538461 0.19471153846153846 0.03155048076923077 0.052584134615384616
2 0.8677884615384616 0.15144230769230768 0.018629807692307692 0.01893028846153846
2 0.23076923076923078 0.625 0.019230769230769232 0.024338942307692308
2 0.9651442307692307 0.45913461538461536 0.06971153846153846 0.08173076923076923
2 0.4723557692307692 0.9903846153846154 0.009615384615384616 0.019230769230769232
2 0.04927884615384615 0.4170673076923077 0.016826923076923076 0.021334134615384616