0 0.625 0.578125 0.040865384615384616 0.0390625
0 0.6790865384615384 0.33533653846153844 0.057692307692307696 0.03365384615384615
0 0.84375 0.2283653846153846 0.038161057692307696 0.033052884615384616
0 0.6887019230769231 0.0829326923076923 0.02403846153846154 0.023737980769230768
0 0.5276442307692307 0.08413461538461539 0.031850961538461536 0.028245192307692308
2 0.09975961538461539 0.7091346153846154 0.01622596153846154 0.019230769230769232
2 0.47596153846153844 0.8209134615384616 0.018629807692307692 0.017728365384615384
2 0.6370192307692307 0.6514423076923077 0.019230769230769232 0.023737980769230768
2 0.34615384615384615 0.7019230769230769 0.022235576923076924 0.022235576923076924
2 0.3112980769230769 0.6466346153846154 0.021334134615384616 0.033052884615384616
2 0.2247596153846154 0.5985576923076923 0.027644230769230768 0.027644230769230768
2 0.38100961538461536 0.5504807692307693 0.016526442307692308 0.024338942307692308
2 0.8028846153846154 0.2644230769230769 0.021634615384615384 0.021935096153846152
2 0.7752403846153846 0.2091346153846154 0.04447115384615385 0.04417067307692308
2 0.8762019230769231 0.16706730769230768 0.014423076923076924 0.014423076923076924
2 0.040865384615384616 0.4411057692307692 0.017127403846153848 0.016826923076923076
2 0.2247596153846154 0.6598557692307693 0.024939903846153848 0.025240384615384616
2 0.9867788461538461 0.47716346153846156 0.026442307692307692 0.09375