0 0.6298076923076923 0.6959134615384616 0.0390625 0.04567307692307692
0 0.6850961538461539 0.41586538461538464 0.05078125 0.05078125
0 0.8581730769230769 0.2932692307692308 0.04807692307692308 0.03365384615384615
0 0.5228365384615384 0.13701923076923078 0.036057692307692304 0.028545673076923076
0 0.6911057692307693 0.1346153846153846 0.02734375 0.02734375
2 0.0625 0.8509615384615384 0.014723557692307692 0.019230769230769232
2 0.47115384615384615 0.9771634615384616 0.014423076923076924 0.026141826923076924
2 0.640625 0.7776442307692307 0.016526442307692308 0.021334134615384616
2 0.328125 0.84375 0.021634615384615384 0.022235576923076924
2 0.2848557692307692 0.7680288461538461 0.033353365384615384 0.03365384615384615
2 0.1935096153846154 0.7223557692307693 0.035757211538461536 0.021334134615384616
2 0.36778846153846156 0.6646634615384616 0.013221153846153846 0.025841346153846152
2 0.8161057692307693 0.3389423076923077 0.021634615384615384 0.03395432692307692
2 0.7848557692307693 0.2776442307692308 0.050180288461538464 0.05048076923076923
2 0.890625 0.2247596153846154 0.016526442307692308 0.016826923076923076
2 0.1971153846153846 0.7944711538461539 0.03545673076923077 0.036057692307692304
2 0.9891826923076923 0.5372596153846154 0.021634615384615384 0.026442307692307692