0 0.6334134615384616 0.7271634615384616 0.043870192307692304 0.04326923076923077
0 0.6887019230769231 0.4362980769230769 0.060697115384615384 0.04026442307692308
0 0.8629807692307693 0.31009615384615385 0.04266826923076923 0.03365384615384615
0 0.5240384615384616 0.14903846153846154 0.034254807692307696 0.028245192307692308
0 0.6947115384615384 0.14543269230769232 0.02403846153846154 0.026141826923076924
2 0.3245192307692308 0.8786057692307693 0.030348557692307692 0.029747596153846152
2 0.28365384615384615 0.8016826923076923 0.033353365384615384 0.03635817307692308
2 0.1935096153846154 0.7536057692307693 0.04326923076923077 0.021935096153846152
2 0.36538461538461536 0.6911057692307693 0.014723557692307692 0.03125
2 0.6442307692307693 0.8088942307692307 0.018329326923076924 0.018329326923076924
2 0.8221153846153846 0.35697115384615385 0.025240384615384616 0.025240384615384616
2 0.7896634615384616 0.29447115384615385 0.046274038461538464 0.04567307692307692
2 0.8966346153846154 0.24278846153846154 0.016826923076923076 0.016826923076923076
2 0.1935096153846154 0.8269230769230769 0.028846153846153848 0.028846153846153848