0 0.6334134615384616 0.7271634615384616 0.043569711538461536 0.04326923076923077
0 0.6887019230769231 0.4362980769230769 0.060396634615384616 0.04056490384615385
0 0.8629807692307693 0.31009615384615385 0.038161057692307696 0.038461538461538464
0 0.5240384615384616 0.14903846153846154 0.03395432692307692 0.028545673076923076
0 0.6947115384615384 0.14543269230769232 0.02403846153846154 0.026141826923076924
2 0.3245192307692308 0.8786057692307693 0.030348557692307692 0.029747596153846152
2 0.28365384615384615 0.8016826923076923 0.034555288461538464 0.03515625
2 0.1935096153846154 0.7536057692307693 0.04326923076923077 0.021935096153846152
2 0.36538461538461536 0.6911057692307693 0.023137019230769232 0.02283653846153846
2 0.6442307692307693 0.8088942307692307 0.014723557692307692 0.021935096153846152
2 0.8221153846153846 0.35697115384615385 0.025240384615384616 0.025240384615384616
2 0.7896634615384616 0.29447115384615385 0.045973557692307696 0.04567307692307692
2 0.8966346153846154 0.24278846153846154 0.014423076923076924 0.019230769230769232
2 0.1935096153846154 0.8269230769230769 0.02403846153846154 0.03365384615384615