0 0.6418269230769231 0.8798076923076923 0.048677884615384616 0.047776442307692304
0 0.6983173076923077 0.5384615384615384 0.05438701923076923 0.054086538461538464
0 0.8846153846153846 0.3942307692307692 0.04807692307692308 0.038161057692307696
0 0.5216346153846154 0.21033653846153846 0.038461538461538464 0.028846153846153848
0 0.7019230769230769 0.20793269230769232 0.028545673076923076 0.028846153846153848
2 0.6526442307692307 0.9819711538461539 0.018629807692307692 0.019831730769230768
2 0.25841346153846156 0.9723557692307693 0.031850961538461536 0.03125
2 0.15865384615384615 0.9086538461538461 0.033353365384615384 0.03395432692307692
2 0.34975961538461536 0.8449519230769231 0.01171875 0.035757211538461536
2 0.8401442307692307 0.4423076923076923 0.021634615384615384 0.03395432692307692
2 0.8064903846153846 0.3713942307692308 0.05348557692307692 0.05228365384615385
2 0.9170673076923077 0.3161057692307692 0.021334134615384616 0.021334134615384616
2 0.19951923076923078 0.9230769230769231 0.017427884615384616 0.017427884615384616
2 0.15504807692307693 0.9879807692307693 0.021634615384615384 0.02403846153846154