0 0.7247596153846154 0.7896634615384616 0.07451923076923077 0.05979567307692308
0 0.9350961538461539 0.5913461538461539 0.04447115384615385 0.046875
0 0.5192307692307693 0.3557692307692308 0.0390625 0.038161057692307696
0 0.7199519230769231 0.34975961538461536 0.030048076923076924 0.030048076923076924
0 0.5733173076923077 0.07211538461538461 0.021634615384615384 0.0234375
2 0.29927884615384615 0.040865384615384616 0.01532451923076923 0.015625
2 0.5300480769230769 0.01201923076923077 0.015625 0.015925480769230768
2 0.8870192307692307 0.6634615384615384 0.024338942307692308 0.04326923076923077
2 0.8425480769230769 0.5588942307692307 0.07211538461538461 0.07181490384615384
2 0.96875 0.4879807692307692 0.014723557692307692 0.023737980769230768
2 0.7427884615384616 0.2668269230769231 0.019230769230769232 0.015625
2 0.6814903846153846 0.3786057692307692 0.016826923076923076 0.016526442307692308
2 0.2644230769230769 0.4483173076923077 0.009915865384615384 0.021334134615384616