0 0.7355769230769231 0.8713942307692307 0.07752403846153846 0.07001201923076923
0 0.9543269230769231 0.6514423076923077 0.049879807692307696 0.05048076923076923
0 0.515625 0.39663461538461536 0.045973557692307696 0.03876201923076923
0 0.7259615384615384 0.390625 0.028545673076923076 0.035757211538461536
0 0.5733173076923077 0.09615384615384616 0.02734375 0.027644230769230768
0 0.6598557692307693 0.019230769230769232 0.021634615384615384 0.021634615384615384
2 0.9026442307692307 0.7271634615384616 0.026141826923076924 0.05048076923076923
2 0.8557692307692307 0.6213942307692307 0.07391826923076923 0.07361778846153846
2 0.9855769230769231 0.5372596153846154 0.018629807692307692 0.017728365384615384
2 0.2932692307692308 0.06610576923076923 0.009615384615384616 0.016826923076923076
2 0.53125 0.03245192307692308 0.014723557692307692 0.02674278846153846
2 0.6838942307692307 0.4230769230769231 0.013221153846153846 0.01201923076923077
2 0.7463942307692307 0.3004807692307692 0.02283653846153846 0.022235576923076924
2 0.7367788461538461 0.21153846153846154 0.016826923076923076 0.016826923076923076
2 0.6899038461538461 0.23557692307692307 0.014423076923076924 0.024639423076923076