0 0.7391826923076923 0.921875 0.07872596153846154 0.06911057692307693
0 0.9627403846153846 0.6911057692307693 0.05078125 0.05048076923076923
0 0.5180288461538461 0.4254807692307692 0.042367788461538464 0.04176682692307692
0 0.7307692307692307 0.4182692307692308 0.029146634615384616 0.03876201923076923
0 0.5757211538461539 0.11298076923076923 0.027644230769230768 0.027644230769230768
0 0.6598557692307693 0.028846153846153848 0.027043269230769232 0.028245192307692308
2 0.9158653846153846 0.7764423076923077 0.03125 0.03125
2 0.8629807692307693 0.6598557692307693 0.06610576923076923 0.06580528846153846
2 0.9951923076923077 0.5733173076923077 0.009615384615384616 0.01201923076923077
2 0.29086538461538464 0.078125 0.01201923076923077 0.01201923076923077
2 0.5336538461538461 0.04927884615384615 0.014423076923076924 0.019230769230769232
2 0.4254807692307692 0.6875 0.014423076923076924 0.013221153846153846
2 0.6911057692307693 0.45072115384615385 0.01201923076923077 0.019230769230769232
2 0.7524038461538461 0.32572115384615385 0.021033653846153848 0.021033653846153848
2 0.6947115384615384 0.2548076923076923 0.01953125 0.01893028846153846