0 0.7487980769230769 0.9795673076923077 0.055288461538461536 0.040865384615384616
0 0.9771634615384616 0.7596153846153846 0.04567307692307692 0.052584134615384616
0 0.5144230769230769 0.4735576923076923 0.04807692307692308 0.04326923076923077
0 0.7379807692307693 0.46634615384615385 0.028545673076923076 0.038161057692307696
0 0.5769230769230769 0.140625 0.024338942307692308 0.02674278846153846
0 0.6634615384615384 0.054086538461538464 0.027043269230769232 0.02734375
0 0.4483173076923077 0.01201923076923077 0.020432692307692308 0.020432692307692308
2 0.9302884615384616 0.84375 0.0390625 0.03786057692307692
2 0.8786057692307693 0.7283653846153846 0.08804086538461539 0.08743990384615384
2 0.2848557692307692 0.10576923076923077 0.014423076923076924 0.013822115384615384
2 0.5300480769230769 0.06850961538461539 0.014423076923076924 0.026141826923076924
2 0.6971153846153846 0.29086538461538464 0.009915865384615384 0.033052884615384616
2 0.7584134615384616 0.36538461538461536 0.017728365384615384 0.018028846153846152