0 0.7487980769230769 0.9795673076923077 0.055288461538461536 0.040865384615384616
0 0.9771634615384616 0.7596153846153846 0.04567307692307692 0.052584134615384616
0 0.5144230769230769 0.4735576923076923 0.04807692307692308 0.04326923076923077
0 0.7379807692307693 0.46634615384615385 0.028245192307692308 0.03786057692307692
0 0.5769230769230769 0.140625 0.024338942307692308 0.02674278846153846
0 0.6634615384615384 0.054086538461538464 0.027644230769230768 0.025841346153846152
0 0.4483173076923077 0.01201923076923077 0.021634615384615384 0.019230769230769232
2 0.9302884615384616 0.84375 0.025240384615384616 0.051682692307692304
2 0.8786057692307693 0.7283653846153846 0.055588942307692304 0.11989182692307693
2 0.2848557692307692 0.10576923076923077 0.014423076923076924 0.013221153846153846
2 0.5300480769230769 0.06850961538461539 0.014423076923076924 0.025841346153846152
2 0.6971153846153846 0.29086538461538464 0.010216346153846154 0.03245192307692308
2 0.7584134615384616 0.36538461538461536 0.017728365384615384 0.018028846153846152