0 0.9819711538461539 0.8064903846153846 0.036057692307692304 0.06009615384615385
0 0.515625 0.5048076923076923 0.046274038461538464 0.05228365384615385
0 0.7427884615384616 0.49759615384615385 0.025240384615384616 0.03786057692307692
0 0.5793269230769231 0.15865384615384615 0.024639423076923076 0.024338942307692308
0 0.6670673076923077 0.06850961538461539 0.02674278846153846 0.026141826923076924
0 0.44711538461538464 0.021634615384615384 0.026442307692307692 0.026141826923076924
2 0.9435096153846154 0.8966346153846154 0.031850961538461536 0.03245192307692308
2 0.8870192307692307 0.7740384615384616 0.08653846153846154 0.0859375
2 0.28125 0.12139423076923077 0.013822115384615384 0.014423076923076924
2 0.53125 0.0889423076923077 0.015024038461538462 0.0234375
2 0.7644230769230769 0.3942307692307692 0.021634615384615384 0.021033653846153848
2 0.7019230769230769 0.3125 0.026442307692307692 0.026141826923076924