0 0.9783653846153846 0.8052884615384616 0.04326923076923077 0.04807692307692308
0 0.515625 0.5048076923076923 0.04957932692307692 0.048978365384615384
0 0.7427884615384616 0.49759615384615385 0.024639423076923076 0.038161057692307696
0 0.5793269230769231 0.15865384615384615 0.025240384615384616 0.024639423076923076
0 0.6670673076923077 0.06850961538461539 0.027043269230769232 0.025841346153846152
0 0.44711538461538464 0.021634615384615384 0.02403846153846154 0.028545673076923076
2 0.9435096153846154 0.8966346153846154 0.021033653846153848 0.04326923076923077
2 0.8870192307692307 0.7740384615384616 0.08653846153846154 0.0859375
2 0.28125 0.12139423076923077 0.013221153846153846 0.014423076923076924
2 0.53125 0.0889423076923077 0.01953125 0.01893028846153846
2 0.7644230769230769 0.3942307692307692 0.021634615384615384 0.020432692307692308
2 0.7019230769230769 0.3125 0.014423076923076924 0.038161057692307696