0 0.9819711538461539 0.8389423076923077 0.036057692307692304 0.04326923076923077
0 0.5144230769230769 0.5276442307692307 0.047776442307692304 0.04807692307692308
0 0.7439903846153846 0.5192307692307693 0.030949519230769232 0.038161057692307696
0 0.5757211538461539 0.171875 0.026442307692307692 0.03125
0 0.6646634615384616 0.08173076923076923 0.02734375 0.02734375
0 0.44471153846153844 0.03245192307692308 0.02283653846153846 0.023137019230769232
2 0.9495192307692307 0.9338942307692307 0.04417067307692308 0.04447115384615385
2 0.890625 0.796875 0.09194711538461539 0.09134615384615384
2 0.5276442307692307 0.09975961538461539 0.016526442307692308 0.026141826923076924
2 0.27403846153846156 0.13701923076923078 0.015024038461538462 0.019831730769230768
2 0.6995192307692307 0.3245192307692308 0.029146634615384616 0.028846153846153848
2 0.765625 0.4110576923076923 0.02283653846153846 0.022536057692307692