0 0.9867788461538461 0.8401442307692307 0.026442307692307692 0.06009615384615385
0 0.5144230769230769 0.5276442307692307 0.047776442307692304 0.04807692307692308
0 0.7439903846153846 0.5192307692307693 0.034254807692307696 0.034254807692307696
0 0.5757211538461539 0.171875 0.026442307692307692 0.03125
0 0.6646634615384616 0.08173076923076923 0.027043269230769232 0.027043269230769232
0 0.44471153846153844 0.03245192307692308 0.019230769230769232 0.02674278846153846
2 0.9495192307692307 0.9338942307692307 0.043870192307692304 0.04447115384615385
2 0.890625 0.796875 0.055588942307692304 0.12740384615384615
2 0.5276442307692307 0.09975961538461539 0.01622596153846154 0.025841346153846152
2 0.27403846153846156 0.13701923076923078 0.017427884615384616 0.017427884615384616
2 0.6995192307692307 0.3245192307692308 0.029146634615384616 0.028846153846153848
2 0.765625 0.4110576923076923 0.021634615384615384 0.0234375