0 0.9867788461538461 0.8774038461538461 0.026442307692307692 0.038461538461538464
0 0.5144230769230769 0.5504807692307693 0.04807692307692308 0.04807692307692308
0 0.7475961538461539 0.5432692307692307 0.03665865384615385 0.03545673076923077
0 0.5769230769230769 0.18509615384615385 0.024639423076923076 0.028846153846153848
0 0.6682692307692307 0.09375 0.029447115384615384 0.024639423076923076
0 0.44591346153846156 0.04447115384615385 0.0234375 0.024639423076923076
2 0.9591346153846154 0.9723557692307693 0.02403846153846154 0.05498798076923077
2 0.9002403846153846 0.8377403846153846 0.05979567307692308 0.13251201923076922
2 0.5276442307692307 0.109375 0.016526442307692308 0.021935096153846152
2 0.2704326923076923 0.1466346153846154 0.01201923076923077 0.019230769230769232
2 0.7692307692307693 0.43028846153846156 0.027644230769230768 0.0234375
2 0.7067307692307693 0.3473557692307692 0.033052884615384616 0.03245192307692308