0 0.5144230769230769 0.6358173076923077 0.05228365384615385 0.051382211538461536
0 0.7620192307692307 0.6286057692307693 0.038461538461538464 0.039663461538461536
0 0.5793269230769231 0.23197115384615385 0.029447115384615384 0.030348557692307692
0 0.671875 0.1310096153846154 0.028846153846153848 0.028245192307692308
0 0.4411057692307692 0.07692307692307693 0.021634615384615384 0.028846153846153848
0 0.6105769230769231 0.004807692307692308 0.019831730769230768 0.005108173076923077
2 0.9182692307692307 0.9435096153846154 0.0811298076923077 0.08052884615384616
2 0.2608173076923077 0.1935096153846154 0.01201923076923077 0.021334134615384616
2 0.5276442307692307 0.15264423076923078 0.021334134615384616 0.021334134615384616
2 0.7139423076923077 0.4074519230769231 0.029146634615384616 0.028846153846153848
2 0.7824519230769231 0.5024038461538461 0.024939903846153848 0.025540865384615384