0 0.5120192307692307 0.7091346153846154 0.05829326923076923 0.05709134615384615
0 0.7716346153846154 0.6971153846153846 0.038161057692307696 0.052584134615384616
0 0.5817307692307693 0.27163461538461536 0.031850961538461536 0.03064903846153846
0 0.6754807692307693 0.1622596153846154 0.029447115384615384 0.029747596153846152
0 0.4387019230769231 0.10576923076923077 0.026442307692307692 0.027043269230769232
0 0.6117788461538461 0.018028846153846152 0.025841346153846152 0.026442307692307692
2 0.9182692307692307 0.9867788461538461 0.020432692307692308 0.020432692307692308
2 0.5276442307692307 0.18509615384615385 0.016526442307692308 0.024338942307692308
2 0.25 0.2247596153846154 0.018629807692307692 0.017427884615384616
2 0.71875 0.45913461538461536 0.027043269230769232 0.027043269230769232
2 0.7908653846153846 0.5600961538461539 0.017127403846153848 0.017427884615384616