0 0.5108173076923077 0.7740384615384616 0.05588942307692308 0.05889423076923077
0 0.7800480769230769 0.7620192307692307 0.03155048076923077 0.05318509615384615
0 0.5805288461538461 0.3088942307692308 0.028846153846153848 0.028846153846153848
0 0.6778846153846154 0.19471153846153846 0.02674278846153846 0.026141826923076924
0 0.4326923076923077 0.1346153846153846 0.025240384615384616 0.025240384615384616
0 0.609375 0.040865384615384616 0.021634615384615384 0.03395432692307692
0 0.7572115384615384 0.009615384615384616 0.033052884615384616 0.014423076923076924
2 0.24278846153846154 0.26322115384615385 0.009915865384615384 0.021935096153846152
2 0.5252403846153846 0.21634615384615385 0.019230769230769232 0.03365384615384615
2 0.7235576923076923 0.5036057692307693 0.014723557692307692 0.04807692307692308
2 0.7992788461538461 0.6153846153846154 0.021634615384615384 0.021634615384615384
2 0.16346153846153846 0.9435096153846154 0.009915865384615384 0.021334134615384616