0 0.5108173076923077 0.7740384615384616 0.055588942307692304 0.05829326923076923
0 0.7800480769230769 0.7620192307692307 0.042367788461538464 0.042367788461538464
0 0.5805288461538461 0.3088942307692308 0.026442307692307692 0.03125
0 0.6778846153846154 0.19471153846153846 0.029146634615384616 0.023737980769230768
0 0.4326923076923077 0.1346153846153846 0.019831730769230768 0.029447115384615384
0 0.609375 0.040865384615384616 0.021634615384615384 0.03395432692307692
0 0.7560096153846154 0.010817307692307692 0.021634615384615384 0.021634615384615384
2 0.24278846153846154 0.26322115384615385 0.009915865384615384 0.021935096153846152
2 0.5252403846153846 0.21634615384615385 0.019230769230769232 0.03365384615384615
2 0.7235576923076923 0.5036057692307693 0.03155048076923077 0.03125
2 0.7992788461538461 0.6153846153846154 0.021634615384615384 0.021634615384615384
2 0.16346153846153846 0.9435096153846154 0.009915865384615384 0.021334134615384616