0 0.5144230769230769 0.8209134615384616 0.05709134615384615 0.06520432692307693
0 0.7920673076923077 0.8149038461538461 0.045072115384615384 0.045072115384615384
0 0.5901442307692307 0.3329326923076923 0.02794471153846154 0.027644230769230768
0 0.6899038461538461 0.21153846153846154 0.034254807692307696 0.028545673076923076
0 0.4387019230769231 0.14543269230769232 0.021634615384615384 0.028846153846153848
0 0.6189903846153846 0.05048076923076923 0.021334134615384616 0.038161057692307696
0 0.7716346153846154 0.014423076923076924 0.02674278846153846 0.025841346153846152
2 0.2439903846153846 0.2776442307692308 0.015625 0.015625
2 0.5348557692307693 0.23557692307692307 0.019230769230769232 0.028846153846153848
2 0.7355769230769231 0.5372596153846154 0.010216346153846154 0.04567307692307692
2 0.8137019230769231 0.6550480769230769 0.023737980769230768 0.024338942307692308