0 0.5144230769230769 0.8209134615384616 0.060697115384615384 0.061598557692307696
0 0.7920673076923077 0.8149038461538461 0.044771634615384616 0.044771634615384616
0 0.5901442307692307 0.3329326923076923 0.02674278846153846 0.028846153846153848
0 0.6899038461538461 0.21153846153846154 0.031850961538461536 0.030949519230769232
0 0.4387019230769231 0.14543269230769232 0.025240384615384616 0.025240384615384616
0 0.6189903846153846 0.05048076923076923 0.029747596153846152 0.029747596153846152
0 0.7716346153846154 0.014423076923076924 0.02674278846153846 0.025841346153846152
2 0.2439903846153846 0.2776442307692308 0.015625 0.015625
2 0.5348557692307693 0.23557692307692307 0.02403846153846154 0.02403846153846154
2 0.7355769230769231 0.5372596153846154 0.010216346153846154 0.04567307692307692
2 0.8137019230769231 0.6550480769230769 0.0234375 0.024639423076923076