0 0.5096153846153846 0.8557692307692307 0.060396634615384616 0.06009615384615385
0 0.796875 0.8461538461538461 0.046875 0.04717548076923077
0 0.5865384615384616 0.3485576923076923 0.029146634615384616 0.028545673076923076
0 0.6862980769230769 0.22596153846153846 0.027644230769230768 0.02734375
0 0.4338942307692308 0.15985576923076922 0.027644230769230768 0.027644230769230768
0 0.6177884615384616 0.06009615384615385 0.028846153846153848 0.028846153846153848
0 0.7716346153846154 0.02403846153846154 0.027043269230769232 0.026442307692307692
2 0.23677884615384615 0.296875 0.01171875 0.019230769230769232
2 0.5300480769230769 0.24879807692307693 0.016826923076923076 0.03125
2 0.734375 0.5637019230769231 0.016526442307692308 0.04326923076923077
2 0.8161057692307693 0.6790865384615384 0.021634615384615384 0.021334134615384616
2 0.5072115384615384 0.3786057692307692 0.014723557692307692 0.021334134615384616