0 0.5096153846153846 0.9495192307692307 0.05709134615384615 0.07271634615384616
0 0.8088942307692307 0.9338942307692307 0.048677884615384616 0.04807692307692308
0 0.5865384615384616 0.390625 0.029146634615384616 0.035757211538461536
0 0.6899038461538461 0.25841346153846156 0.031850961538461536 0.03125
0 0.43028846153846156 0.19110576923076922 0.028846153846153848 0.028846153846153848
0 0.6189903846153846 0.08533653846153846 0.025841346153846152 0.03665865384615385
0 0.7752403846153846 0.04447115384615385 0.036057692307692304 0.014423076923076924
2 0.22355769230769232 0.33653846153846156 0.01622596153846154 0.016826923076923076
2 0.5276442307692307 0.2860576923076923 0.019230769230769232 0.03245192307692308
2 0.7451923076923077 0.6237980769230769 0.03485576923076923 0.03515625
2 0.828125 0.7536057692307693 0.023737980769230768 0.024338942307692308
2 0.5072115384615384 0.42427884615384615 0.016826923076923076 0.016826923076923076