0 0.7764423076923077 0.27524038461538464 0.05709134615384615 0.0546875
0 0.6838942307692307 0.08052884615384616 0.06460336538461539 0.04807692307692308
0 0.7379807692307693 0.046875 0.043870192307692304 0.043870192307692304
2 0.39663461538461536 0.8966346153846154 0.0234375 0.019230769230769232
2 0.5973557692307693 0.8653846153846154 0.034254807692307696 0.03485576923076923
2 0.6706730769230769 0.8473557692307693 0.030048076923076924 0.028846153846153848
2 0.71875 0.3918269230769231 0.16286057692307693 0.15384615384615385
2 0.875 0.5036057692307693 0.1006610576923077 0.055588942307692304
2 0.47836538461538464 0.21514423076923078 0.04266826923076923 0.03125
2 0.6310096153846154 0.24639423076923078 0.017728365384615384 0.018028846153846152
2 0.9783653846153846 0.0733173076923077 0.04326923076923077 0.04567307692307692
2 0.8894230769230769 0.7560096153846154 0.14513221153846154 0.14573317307692307