0 0.7764423076923077 0.27524038461538464 0.05618990384615385 0.05618990384615385
0 0.6862980769230769 0.08173076923076923 0.055288461538461536 0.05588942307692308
0 0.7391826923076923 0.04807692307692308 0.04567307692307692 0.045072115384615384
2 0.39663461538461536 0.8966346153846154 0.021033653846153848 0.021634615384615384
2 0.5973557692307693 0.8653846153846154 0.025841346153846152 0.04326923076923077
2 0.6706730769230769 0.8473557692307693 0.029447115384615384 0.028846153846153848
2 0.71875 0.3918269230769231 0.16316105769230768 0.15384615384615385
2 0.875 0.5036057692307693 0.07782451923076923 0.07842548076923077
2 0.47836538461538464 0.21514423076923078 0.04266826923076923 0.03125
2 0.6310096153846154 0.24639423076923078 0.016526442307692308 0.019230769230769232
2 0.9783653846153846 0.0733173076923077 0.04326923076923077 0.04567307692307692
2 0.8894230769230769 0.7560096153846154 0.14483173076923078 0.14603365384615385