0 0.7752403846153846 0.2776442307692308 0.055288461538461536 0.0546875
0 0.6862980769230769 0.0829326923076923 0.056490384615384616 0.056490384615384616
0 0.7379807692307693 0.04807692307692308 0.047475961538461536 0.03365384615384615
2 0.39903846153846156 0.8990384615384616 0.024338942307692308 0.023737980769230768
2 0.5985576923076923 0.8677884615384616 0.03876201923076923 0.038161057692307696
2 0.6706730769230769 0.8509615384615384 0.03635817307692308 0.035757211538461536
2 0.7151442307692307 0.3894230769230769 0.15084134615384615 0.15084134615384615
2 0.8629807692307693 0.5048076923076923 0.0772235576923077 0.052584134615384616
2 0.47596153846153844 0.21514423076923078 0.029146634615384616 0.02674278846153846
2 0.9807692307692307 0.078125 0.03395432692307692 0.06009615384615385
2 0.8894230769230769 0.7548076923076923 0.06219951923076923 0.23076923076923078