0 0.7788461538461539 0.2860576923076923 0.0546875 0.05498798076923077
0 0.6838942307692307 0.09014423076923077 0.05889423076923077 0.05859375
0 0.7415865384615384 0.056490384615384616 0.04807692307692308 0.03365384615384615
2 0.39903846153846156 0.9194711538461539 0.027644230769230768 0.03125
2 0.6033653846153846 0.8942307692307693 0.028846153846153848 0.028245192307692308
2 0.6754807692307693 0.8810096153846154 0.014723557692307692 0.03635817307692308
2 0.7367788461538461 0.41947115384615385 0.13822115384615385 0.13792067307692307
2 0.8786057692307693 0.5204326923076923 0.08022836538461539 0.08052884615384616
2 0.4807692307692308 0.2247596153846154 0.03125 0.031850961538461536
2 0.9807692307692307 0.08533653846153846 0.034254807692307696 0.0546875
2 0.8894230769230769 0.7620192307692307 0.05709134615384615 0.20673076923076922