0 0.7788461538461539 0.2860576923076923 0.05709134615384615 0.052584134615384616
0 0.6838942307692307 0.09014423076923077 0.05889423076923077 0.05829326923076923
0 0.7415865384615384 0.056490384615384616 0.04807692307692308 0.03365384615384615
2 0.39903846153846156 0.9194711538461539 0.028245192307692308 0.03125
2 0.6033653846153846 0.8942307692307693 0.028846153846153848 0.028545673076923076
2 0.6754807692307693 0.8810096153846154 0.025540865384615384 0.025540865384615384
2 0.7367788461538461 0.41947115384615385 0.13822115384615385 0.13762019230769232
2 0.8786057692307693 0.5204326923076923 0.08022836538461539 0.08052884615384616
2 0.4807692307692308 0.2247596153846154 0.031850961538461536 0.032151442307692304
2 0.9783653846153846 0.08413461538461539 0.04326923076923077 0.04326923076923077
2 0.8894230769230769 0.7620192307692307 0.13161057692307693 0.13221153846153846