0 0.7776442307692307 0.31850961538461536 0.056490384615384616 0.05618990384615385
0 0.6814903846153846 0.109375 0.056490384615384616 0.056790865384615384
0 0.7379807692307693 0.07451923076923077 0.05228365384615385 0.034254807692307696
2 0.5961538461538461 0.9795673076923077 0.030048076923076924 0.030048076923076924
2 0.6778846153846154 0.9651442307692307 0.018629807692307692 0.05078125
2 0.890625 0.7932692307692307 0.09525240384615384 0.09495192307692307
2 0.9254807692307693 0.9435096153846154 0.06971153846153846 0.07091346153846154
2 0.7307692307692307 0.4579326923076923 0.12980769230769232 0.1328125
2 0.8762019230769231 0.5685096153846154 0.06971153846153846 0.0694110576923077
2 0.46875 0.25841346153846156 0.038161057692307696 0.028846153846153848
2 0.9807692307692307 0.10096153846153846 0.038461538461538464 0.04326923076923077