0 0.7776442307692307 0.31850961538461536 0.057692307692307696 0.05498798076923077
0 0.6814903846153846 0.109375 0.0625 0.05078125
0 0.7379807692307693 0.07451923076923077 0.05228365384615385 0.034254807692307696
2 0.5961538461538461 0.9795673076923077 0.019230769230769232 0.040865384615384616
2 0.6778846153846154 0.9651442307692307 0.018028846153846152 0.05108173076923077
2 0.890625 0.7932692307692307 0.03635817307692308 0.15384615384615385
2 0.9254807692307693 0.9435096153846154 0.03245192307692308 0.10817307692307693
2 0.7307692307692307 0.4579326923076923 0.1310096153846154 0.13131009615384615
2 0.8762019230769231 0.5685096153846154 0.06971153846153846 0.0694110576923077
2 0.46875 0.25841346153846156 0.033052884615384616 0.03365384615384615
2 0.9807692307692307 0.10096153846153846 0.038461538461538464 0.04326923076923077