0 0.7632211538461539 0.47115384615384615 0.06971153846153846 0.0694110576923077
0 0.6394230769230769 0.2127403846153846 0.06430288461538461 0.0634014423076923
0 0.6995192307692307 0.15865384615384615 0.05048076923076923 0.050180288461538464
2 0.8245192307692307 0.007211538461538462 0.01201923076923077 0.012319711538461538
2 0.7247596153846154 0.6670673076923077 0.17127403846153846 0.1796875
2 0.8786057692307693 0.7956730769230769 0.06099759615384615 0.060697115384615384
2 0.5889423076923077 0.45072115384615385 0.019230769230769232 0.019230769230769232
2 0.4026442307692308 0.4182692307692308 0.04326923076923077 0.029447115384615384
2 0.9747596153846154 0.17548076923076922 0.045973557692307696 0.07241586538461539
2 0.4807692307692308 0.24879807692307693 0.010216346153846154 0.019230769230769232
2 0.453125 0.21634615384615385 0.019230769230769232 0.01953125
2 0.39302884615384615 0.21875 0.016826923076923076 0.024338942307692308