0 0.765625 0.4951923076923077 0.06911057692307693 0.06790865384615384
0 0.6394230769230769 0.22956730769230768 0.0655048076923077 0.06490384615384616
0 0.6971153846153846 0.17067307692307693 0.05078125 0.050180288461538464
2 0.8221153846153846 0.013221153846153846 0.021033653846153848 0.020733173076923076
2 0.7247596153846154 0.6971153846153846 0.16826923076923078 0.18239182692307693
2 0.8810096153846154 0.8293269230769231 0.05348557692307692 0.055288461538461536
2 0.4014423076923077 0.4411057692307692 0.04026442307692308 0.040865384615384616
2 0.5588942307692307 0.4423076923076923 0.01532451923076923 0.015625
2 0.5865384615384616 0.4723557692307692 0.018629807692307692 0.019230769230769232
2 0.9747596153846154 0.18629807692307693 0.05048076923076923 0.055288461538461536
2 0.44711538461538464 0.2283653846153846 0.022235576923076924 0.021334134615384616
2 0.47836538461538464 0.265625 0.013221153846153846 0.019230769230769232
2 0.38822115384615385 0.23677884615384615 0.019230769230769232 0.01953125