0 0.7716346153846154 0.5204326923076923 0.07151442307692307 0.07451923076923077
0 0.6430288461538461 0.24519230769230768 0.07421875 0.05829326923076923
0 0.7019230769230769 0.18389423076923078 0.057692307692307696 0.04326923076923077
2 0.8269230769230769 0.016826923076923076 0.01953125 0.028846153846153848
2 0.7355769230769231 0.7403846153846154 0.16766826923076922 0.18389423076923078
2 0.40024038461538464 0.46634615384615385 0.038461538461538464 0.038461538461538464
2 0.9771634615384616 0.20552884615384615 0.04567307692307692 0.055288461538461536
2 0.5612980769230769 0.4699519230769231 0.009615384615384616 0.019230769230769232
2 0.5877403846153846 0.5 0.021334134615384616 0.01953125
2 0.3870192307692308 0.25240384615384615 0.015625 0.019831730769230768
2 0.453125 0.24879807692307693 0.016526442307692308 0.019230769230769232