0 0.7800480769230769 0.5528846153846154 0.07211538461538461 0.08173076923076923
0 0.6478365384615384 0.2668269230769231 0.07692307692307693 0.0625
0 0.7067307692307693 0.20552884615384615 0.05498798076923077 0.055288461538461536
2 0.8317307692307693 0.025240384615384616 0.028245192307692308 0.02794471153846154
2 0.9795673076923077 0.21754807692307693 0.040865384615384616 0.05048076923076923
2 0.7283653846153846 0.7632211538461539 0.1778846153846154 0.17908653846153846
2 0.8966346153846154 0.9182692307692307 0.05078125 0.05048076923076923
2 0.39903846153846156 0.4951923076923077 0.047475961538461536 0.03876201923076923
2 0.38461538461538464 0.27283653846153844 0.019831730769230768 0.028846153846153848
2 0.44711538461538464 0.2668269230769231 0.024338942307692308 0.024338942307692308
2 0.5637019230769231 0.49399038461538464 0.01201923076923077 0.021033653846153848
2 0.59375 0.5300480769230769 0.019230769230769232 0.019230769230769232
2 0.9182692307692307 0.006009615384615385 0.009014423076923076 0.008713942307692308