0 0.7800480769230769 0.5528846153846154 0.07211538461538461 0.08173076923076923
0 0.6478365384615384 0.2668269230769231 0.07692307692307693 0.0625
0 0.7067307692307693 0.20552884615384615 0.0546875 0.055288461538461536
2 0.8317307692307693 0.025240384615384616 0.028245192307692308 0.02794471153846154
2 0.9855769230769231 0.21875 0.028545673076923076 0.07271634615384616
2 0.7283653846153846 0.7632211538461539 0.16766826923076922 0.18990384615384615
2 0.8966346153846154 0.9182692307692307 0.05829326923076923 0.04326923076923077
2 0.39903846153846156 0.4951923076923077 0.042067307692307696 0.043870192307692304
2 0.38461538461538464 0.27283653846153844 0.019831730769230768 0.028846153846153848
2 0.44711538461538464 0.2668269230769231 0.024338942307692308 0.024338942307692308
2 0.5637019230769231 0.49399038461538464 0.016826923076923076 0.016526442307692308
2 0.59375 0.5300480769230769 0.019230769230769232 0.019230769230769232
2 0.9182692307692307 0.006009615384615385 0.009615384615384616 0.009014423076923076