0 0.7908653846153846 0.6286057692307693 0.07872596153846154 0.07842548076923077
0 0.6490384615384616 0.3161057692307692 0.0703125 0.06971153846153846
0 0.7115384615384616 0.24759615384615385 0.05829326923076923 0.04447115384615385
0 0.6514423076923077 0.02403846153846154 0.028245192307692308 0.028545673076923076
2 0.8401442307692307 0.05889423076923077 0.02403846153846154 0.03665865384615385
2 0.9254807692307693 0.03125 0.013221153846153846 0.013221153846153846
2 0.6995192307692307 0.8305288461538461 0.11688701923076923 0.1162860576923077
2 0.390625 0.5649038461538461 0.04266826923076923 0.04146634615384615
2 0.5637019230769231 0.5661057692307693 0.01141826923076923 0.022235576923076924
2 0.5925480769230769 0.5997596153846154 0.019230769230769232 0.021033653846153848
2 0.44350961538461536 0.3161057692307692 0.021334134615384616 0.019230769230769232
2 0.3786057692307692 0.3233173076923077 0.02403846153846154 0.02403846153846154
2 0.47475961538461536 0.3557692307692308 0.019230769230769232 0.01953125
2 0.9891826923076923 0.24519230769230768 0.021634615384615384 0.028846153846153848