0 0.7908653846153846 0.6286057692307693 0.07872596153846154 0.07842548076923077
0 0.6490384615384616 0.3161057692307692 0.078125 0.0625
0 0.7115384615384616 0.24759615384615385 0.05829326923076923 0.04447115384615385
0 0.6514423076923077 0.02403846153846154 0.033052884615384616 0.023737980769230768
2 0.8401442307692307 0.05889423076923077 0.02403846153846154 0.03635817307692308
2 0.9254807692307693 0.03125 0.013822115384615384 0.013822115384615384
2 0.6995192307692307 0.8305288461538461 0.09645432692307693 0.13671875
2 0.390625 0.5649038461538461 0.045973557692307696 0.038161057692307696
2 0.5637019230769231 0.5661057692307693 0.016526442307692308 0.017127403846153848
2 0.5925480769230769 0.5997596153846154 0.020432692307692308 0.02013221153846154
2 0.44350961538461536 0.3161057692307692 0.019831730769230768 0.020432692307692308
2 0.3786057692307692 0.3233173076923077 0.019230769230769232 0.028846153846153848
2 0.47475961538461536 0.3557692307692308 0.019230769230769232 0.01953125
2 0.9891826923076923 0.24519230769230768 0.021634615384615384 0.028846153846153848