0 0.7992788461538461 0.6646634615384616 0.07692307692307693 0.08834134615384616
0 0.6538461538461539 0.3401442307692308 0.07752403846153846 0.0694110576923077
0 0.7151442307692307 0.26802884615384615 0.05979567307692308 0.04807692307692308
0 0.6574519230769231 0.039663461538461536 0.02674278846153846 0.021334134615384616
2 0.8497596153846154 0.07572115384615384 0.021634615384615384 0.03545673076923077
2 0.8713942307692307 0.1201923076923077 0.015625 0.015625
2 0.9387019230769231 0.046875 0.01201923076923077 0.014423076923076924
2 0.7139423076923077 0.8882211538461539 0.10576923076923077 0.15174278846153846
2 0.5949519230769231 0.6394230769230769 0.02403846153846154 0.024338942307692308
2 0.5673076923076923 0.5997596153846154 0.01622596153846154 0.01532451923076923
2 0.390625 0.5985576923076923 0.05048076923076923 0.03876201923076923
2 0.44471153846153844 0.3389423076923077 0.01953125 0.028545673076923076
2 0.47475961538461536 0.3798076923076923 0.015625 0.015625
2 0.3786057692307692 0.34375 0.019230769230769232 0.024338942307692308