0 0.7932692307692307 0.7091346153846154 0.08413461538461539 0.08533653846153846
0 0.6442307692307693 0.3713942307692308 0.08173076923076923 0.06911057692307693
0 0.7043269230769231 0.296875 0.057992788461538464 0.04326923076923077
0 0.6454326923076923 0.057692307692307696 0.025540865384615384 0.024939903846153848
2 0.9278846153846154 0.06370192307692307 0.018629807692307692 0.018629807692307692
2 0.8377403846153846 0.08774038461538461 0.021634615384615384 0.03665865384615385
2 0.6983173076923077 0.9375 0.1045673076923077 0.1045673076923077
2 0.3713942307692308 0.6514423076923077 0.05588942307692308 0.04807692307692308
2 0.5552884615384616 0.6502403846153846 0.020432692307692308 0.02013221153846154
2 0.5865384615384616 0.6887019230769231 0.01953125 0.03125
2 0.36177884615384615 0.3786057692307692 0.028545673076923076 0.028545673076923076
2 0.9939903846153846 0.2776442307692308 0.01201923076923077 0.028846153846153848