0 0.7932692307692307 0.7091346153846154 0.07692307692307693 0.09254807692307693
0 0.6442307692307693 0.3713942307692308 0.07572115384615384 0.07542067307692307
0 0.7043269230769231 0.296875 0.05829326923076923 0.04326923076923077
0 0.6454326923076923 0.057692307692307696 0.02674278846153846 0.023737980769230768
2 0.9278846153846154 0.06370192307692307 0.018329326923076924 0.018329326923076924
2 0.8377403846153846 0.08774038461538461 0.028846153846153848 0.029447115384615384
2 0.6983173076923077 0.9375 0.1045673076923077 0.1045673076923077
2 0.3713942307692308 0.6514423076923077 0.05228365384615385 0.051682692307692304
2 0.5552884615384616 0.6502403846153846 0.020432692307692308 0.02013221153846154
2 0.5865384615384616 0.6887019230769231 0.025841346153846152 0.025240384615384616
2 0.36177884615384615 0.3786057692307692 0.021334134615384616 0.035757211538461536
2 0.9939903846153846 0.2776442307692308 0.01201923076923077 0.028846153846153848