0 0.7800480769230769 0.7355769230769231 0.07932692307692307 0.10036057692307693
0 0.6201923076923077 0.3942307692307692 0.07692307692307693 0.0772235576923077
0 0.6838942307692307 0.3112980769230769 0.057692307692307696 0.057692307692307696
0 0.6153846153846154 0.06610576923076923 0.02734375 0.02794471153846154
2 0.8088942307692307 0.09495192307692307 0.021334134615384616 0.021935096153846152
2 0.8966346153846154 0.06009615384615385 0.015024038461538462 0.015625
2 0.6658653846153846 0.9459134615384616 0.0829326923076923 0.08323317307692307
2 0.3485576923076923 0.6911057692307693 0.04927884615384615 0.04927884615384615
2 0.5348557692307693 0.6838942307692307 0.020432692307692308 0.020733173076923076
2 0.5697115384615384 0.7223557692307693 0.02283653846153846 0.022536057692307692
2 0.3317307692307692 0.4110576923076923 0.02674278846153846 0.025841346153846152
2 0.9855769230769231 0.3161057692307692 0.028245192307692308 0.09134615384615384