0 0.765625 0.765625 0.09375 0.09375
0 0.5949519230769231 0.4182692307692308 0.078125 0.078125
0 0.6538461538461539 0.3269230769230769 0.052584134615384616 0.052584134615384616
0 0.5805288461538461 0.07572115384615384 0.02674278846153846 0.02674278846153846
2 0.7776442307692307 0.10096153846153846 0.02403846153846154 0.030048076923076924
2 0.8641826923076923 0.06370192307692307 0.016526442307692308 0.019230769230769232
2 0.6358173076923077 0.9651442307692307 0.05108173076923077 0.05108173076923077
2 0.31971153846153844 0.7403846153846154 0.04807692307692308 0.04326923076923077
2 0.5144230769230769 0.7211538461538461 0.018629807692307692 0.024338942307692308
2 0.5504807692307693 0.7620192307692307 0.0234375 0.024338942307692308
2 0.9639423076923077 0.3173076923076923 0.07211538461538461 0.07211538461538461