0 0.765625 0.765625 0.08173076923076923 0.10576923076923077
0 0.5949519230769231 0.4182692307692308 0.07932692307692307 0.07692307692307693
0 0.6538461538461539 0.3269230769230769 0.06219951923076923 0.04296875
0 0.5805288461538461 0.07572115384615384 0.03155048076923077 0.021935096153846152
2 0.7776442307692307 0.10096153846153846 0.026442307692307692 0.027043269230769232
2 0.8641826923076923 0.06370192307692307 0.016526442307692308 0.019230769230769232
2 0.6358173076923077 0.9651442307692307 0.03635817307692308 0.06520432692307693
2 0.31971153846153844 0.7403846153846154 0.04567307692307692 0.04567307692307692
2 0.5144230769230769 0.7211538461538461 0.021033653846153848 0.021935096153846152
2 0.5504807692307693 0.7620192307692307 0.0234375 0.024338942307692308
2 0.9639423076923077 0.3173076923076923 0.07211538461538461 0.07211538461538461