0 0.7560096153846154 0.8016826923076923 0.09975961538461539 0.09975961538461539
0 0.5721153846153846 0.4423076923076923 0.08353365384615384 0.08413461538461539
0 0.6358173076923077 0.34615384615384615 0.05859375 0.059495192307692304
0 0.5504807692307693 0.0889423076923077 0.03155048076923077 0.03064903846153846
2 0.4963942307692308 0.5973557692307693 0.016526442307692308 0.026141826923076924
2 0.6286057692307693 0.4639423076923077 0.014423076923076924 0.019230769230769232
2 0.75 0.10817307692307693 0.029447115384615384 0.038161057692307696
2 0.7740384615384616 0.15504807692307693 0.014423076923076924 0.021935096153846152
2 0.8341346153846154 0.07091346153846154 0.018629807692307692 0.017728365384615384
2 0.3004807692307692 0.796875 0.057692307692307696 0.04056490384615385
2 0.4987980769230769 0.7668269230769231 0.016526442307692308 0.024338942307692308
2 0.5372596153846154 0.8052884615384616 0.019230769230769232 0.019230769230769232
2 0.9423076923076923 0.3317307692307692 0.05739182692307692 0.0868389423076923