0 0.7512019230769231 0.8557692307692307 0.10667067307692307 0.10697115384615384
0 0.5588942307692307 0.47475961538461536 0.08413461538461539 0.08383413461538461
0 0.6177884615384616 0.37259615384615385 0.08653846153846154 0.05318509615384615
0 0.5324519230769231 0.10817307692307693 0.03155048076923077 0.03365384615384615
2 0.4831730769230769 0.6418269230769231 0.01953125 0.024338942307692308
2 0.6189903846153846 0.4951923076923077 0.018028846153846152 0.017728365384615384
2 0.7608173076923077 0.16826923076923078 0.02013221153846154 0.020733173076923076
2 0.7367788461538461 0.12860576923076922 0.030949519230769232 0.04807692307692308
2 0.8185096153846154 0.08173076923076923 0.01201923076923077 0.023737980769230768
2 0.2848557692307692 0.8641826923076923 0.060697115384615384 0.04567307692307692
2 0.49038461538461536 0.8233173076923077 0.02283653846153846 0.02403846153846154
2 0.9350961538461539 0.35096153846153844 0.057692307692307696 0.09555288461538461