0 0.7764423076923077 0.9831730769230769 0.03365384615384615 0.03365384615384615
0 0.5588942307692307 0.5901442307692307 0.09375 0.08924278846153846
0 0.6213942307692307 0.4651442307692308 0.07181490384615384 0.07211538461538461
0 0.5276442307692307 0.1658653846153846 0.036057692307692304 0.03245192307692308
0 0.3245192307692308 0.037259615384615384 0.04176682692307692 0.042367788461538464
0 0.6141826923076923 0.019230769230769232 0.040865384615384616 0.038461538461538464
2 0.6213942307692307 0.6117788461538461 0.023737980769230768 0.02403846153846154
2 0.7716346153846154 0.23317307692307693 0.019831730769230768 0.01953125
2 0.7379807692307693 0.18269230769230768 0.03395432692307692 0.03365384615384615
2 0.8305288461538461 0.13581730769230768 0.014122596153846154 0.014423076923076924
2 0.21875 0.6502403846153846 0.02283653846153846 0.03365384615384615
2 0.3088942307692308 0.6334134615384616 0.019230769230769232 0.026141826923076924
2 0.3473557692307692 0.6875 0.019230769230769232 0.024338942307692308
2 0.9579326923076923 0.4411057692307692 0.08413461538461539 0.08413461538461539
2 0.7271634615384616 0.01201923076923077 0.01141826923076923 0.013221153846153846