0 0.5576923076923077 0.6430288461538461 0.09645432692307693 0.09375
0 0.625 0.5108173076923077 0.07211538461538461 0.05498798076923077
0 0.5240384615384616 0.19110576923076922 0.033353365384615384 0.035757211538461536
0 0.31850961538461536 0.056490384615384616 0.045973557692307696 0.03635817307692308
0 0.6081730769230769 0.036057692307692304 0.038461538461538464 0.03786057692307692
2 0.6274038461538461 0.6646634615384616 0.02283653846153846 0.021634615384615384
2 0.7752403846153846 0.26322115384615385 0.028846153846153848 0.028545673076923076
2 0.7439903846153846 0.20673076923076922 0.039663461538461536 0.039663461538461536
2 0.8365384615384616 0.15865384615384615 0.015024038461538462 0.013822115384615384
2 0.20673076923076922 0.6442307692307693 0.03395432692307692 0.024338942307692308
2 0.21153846153846154 0.7067307692307693 0.029146634615384616 0.029146634615384616
2 0.9723557692307693 0.47836538461538464 0.052884615384615384 0.11057692307692307
2 0.7319711538461539 0.030048076923076924 0.014423076923076924 0.014423076923076924
2 0.6850961538461539 0.1141826923076923 0.015925480769230768 0.01532451923076923
2 0.7199519230769231 0.15985576923076922 0.016526442307692308 0.016526442307692308
2 0.9302884615384616 0.15264423076923078 0.010216346153846154 0.019230769230769232