0 0.5588942307692307 0.6875 0.0985576923076923 0.1006610576923077
0 0.6310096153846154 0.546875 0.07932692307692307 0.055588942307692304
0 0.5264423076923077 0.21153846153846154 0.033052884615384616 0.029447115384615384
0 0.3137019230769231 0.0733173076923077 0.045973557692307696 0.03635817307692308
0 0.6117788461538461 0.046875 0.041165865384615384 0.03125
2 0.4723557692307692 0.9098557692307693 0.019230769230769232 0.03365384615384615
2 0.6310096153846154 0.7079326923076923 0.014423076923076924 0.026141826923076924
2 0.33413461538461536 0.7908653846153846 0.019831730769230768 0.03245192307692308
2 0.29086538461538464 0.7259615384615384 0.02674278846153846 0.026141826923076924
2 0.3629807692307692 0.6201923076923077 0.009915865384615384 0.028545673076923076
2 0.78125 0.2848557692307692 0.026442307692307692 0.026442307692307692
2 0.7463942307692307 0.22956730769230768 0.04567307692307692 0.04537259615384615
2 0.8425480769230769 0.17548076923076922 0.016826923076923076 0.016826923076923076
2 0.9663461538461539 0.5012019230769231 0.0673076923076923 0.07932692307692307
2 0.203125 0.7548076923076923 0.02674278846153846 0.03876201923076923
2 0.7331730769230769 0.04326923076923077 0.009915865384615384 0.018629807692307692