0 0.5588942307692307 0.7439903846153846 0.0985576923076923 0.09885817307692307
0 0.625 0.5889423076923077 0.0868389423076923 0.061899038461538464
0 0.5252403846153846 0.24158653846153846 0.03125 0.028846153846153848
0 0.30649038461538464 0.09975961538461539 0.039663461538461536 0.039963942307692304
0 0.6117788461538461 0.07451923076923077 0.04146634615384615 0.024639423076923076
2 0.47115384615384615 0.9723557692307693 0.020432692307692308 0.02013221153846154
2 0.6310096153846154 0.7608173076923077 0.014423076923076924 0.026141826923076924
2 0.7848557692307693 0.3161057692307692 0.019230769230769232 0.03125
2 0.75 0.25961538461538464 0.03395432692307692 0.05739182692307692
2 0.8473557692307693 0.20432692307692307 0.016526442307692308 0.01953125
2 0.32211538461538464 0.8449519230769231 0.024639423076923076 0.03545673076923077
2 0.3557692307692308 0.6670673076923077 0.018629807692307692 0.017427884615384616
2 0.28365384615384615 0.78125 0.02403846153846154 0.024338942307692308
2 0.9783653846153846 0.5408653846153846 0.04326923076923077 0.10576923076923077
2 0.1875 0.8064903846153846 0.032151442307692304 0.03275240384615385
2 0.1875 0.734375 0.038161057692307696 0.03125
2 0.7331730769230769 0.06610576923076923 0.009915865384615384 0.019230769230769232
2 0.9435096153846154 0.1971153846153846 0.015625 0.015625