0 0.5661057692307693 0.8317307692307693 0.10576923076923077 0.11057692307692307
0 0.6334134615384616 0.6610576923076923 0.09405048076923077 0.06760817307692307
0 0.5288461538461539 0.28365384615384615 0.033353365384615384 0.028846153846153848
0 0.30649038461538464 0.12860576923076922 0.04567307692307692 0.04026442307692308
0 0.6177884615384616 0.10697115384615384 0.03485576923076923 0.03515625
2 0.640625 0.8521634615384616 0.02403846153846154 0.023737980769230768
2 0.31850961538461536 0.9459134615384616 0.028545673076923076 0.029146634615384616
2 0.26802884615384615 0.8665865384615384 0.03485576923076923 0.03485576923076923
2 0.35336538461538464 0.7475961538461539 0.015024038461538462 0.03365384615384615
2 0.8004807692307693 0.3641826923076923 0.02283653846153846 0.022235576923076924
2 0.7620192307692307 0.3016826923076923 0.03395432692307692 0.05979567307692308
2 0.8629807692307693 0.24158653846153846 0.015925480769230768 0.015625
2 0.17427884615384615 0.8966346153846154 0.03125 0.03155048076923077
2 0.17668269230769232 0.8257211538461539 0.030949519230769232 0.03155048076923077
2 0.7451923076923077 0.09495192307692307 0.012620192307692308 0.01201923076923077
2 0.9627403846153846 0.23317307692307693 0.014423076923076924 0.01953125