0 0.5805288461538461 0.8798076923076923 0.10817307692307693 0.11478365384615384
0 0.6550480769230769 0.7043269230769231 0.09405048076923077 0.0811298076923077
0 0.5528846153846154 0.3088942307692308 0.03545673076923077 0.036057692307692304
0 0.3329326923076923 0.14302884615384615 0.04807692307692308 0.04807692307692308
0 0.6490384615384616 0.12740384615384615 0.040865384615384616 0.040865384615384616
2 0.32572115384615385 0.9867788461538461 0.016826923076923076 0.026442307692307692
2 0.2800480769230769 0.9038461538461539 0.03064903846153846 0.028846153846153848
2 0.1778846153846154 0.8473557692307693 0.03786057692307692 0.021935096153846152
2 0.36538461538461536 0.7800480769230769 0.02283653846153846 0.02283653846153846
2 0.6586538461538461 0.9050480769230769 0.014423076923076924 0.03125
2 0.828125 0.40384615384615385 0.032151442307692304 0.032151442307692304
2 0.7932692307692307 0.3389423076923077 0.05108173076923077 0.05108173076923077
2 0.1814903846153846 0.9290865384615384 0.029747596153846152 0.030048076923076924