0 0.6286057692307693 0.9783653846153846 0.0985576923076923 0.04326923076923077
0 0.734375 0.8401442307692307 0.09375 0.09885817307692307
0 0.6490384615384616 0.37259615384615385 0.040865384615384616 0.04056490384615385
0 0.4362980769230769 0.16826923076923078 0.05618990384615385 0.05618990384615385
0 0.7668269230769231 0.1875 0.050180288461538464 0.05048076923076923
2 0.41586538461538464 0.8617788461538461 0.023137019230769232 0.02283653846153846
2 0.3161057692307692 0.9771634615384616 0.04026442307692308 0.040865384615384616
2 0.22115384615384615 0.9002403846153846 0.03786057692307692 0.028846153846153848
2 0.038461538461538464 0.640625 0.019230769230769232 0.019230769230769232
2 0.9483173076923077 0.5204326923076923 0.033353365384615384 0.03395432692307692
2 0.9134615384615384 0.4411057692307692 0.04657451923076923 0.046875