0 0.6033653846153846 0.9290865384615384 0.08743990384615384 0.08774038461538461
0 0.9543269230769231 0.43028846153846156 0.033353365384615384 0.03395432692307692
0 0.6899038461538461 0.3737980769230769 0.034254807692307696 0.04326923076923077
0 0.9939903846153846 0.171875 0.01201923076923077 0.01201923076923077
2 0.6622596153846154 0.3918269230769231 0.01201923076923077 0.024338942307692308
2 0.10336538461538461 0.2980769230769231 0.014723557692307692 0.024338942307692308
2 0.16105769230769232 0.0733173076923077 0.015024038461538462 0.015625
2 0.18870192307692307 0.009615384615384616 0.01201923076923077 0.014423076923076924
2 0.9675480769230769 0.6189903846153846 0.014423076923076924 0.025841346153846152
2 0.36899038461538464 0.1935096153846154 0.018028846153846152 0.017427884615384616
2 0.20192307692307693 0.006009615384615385 0.008713942307692308 0.008713942307692308
2 0.4807692307692308 0.02283653846153846 0.026442307692307692 0.026442307692307692