0 0.6033653846153846 0.9290865384615384 0.08743990384615384 0.08774038461538461
0 0.9543269230769231 0.43028846153846156 0.033353365384615384 0.03395432692307692
0 0.6899038461538461 0.3737980769230769 0.0390625 0.038461538461538464
0 0.9939903846153846 0.171875 0.01201923076923077 0.01201923076923077
2 0.6622596153846154 0.3918269230769231 0.018028846153846152 0.018329326923076924
2 0.10336538461538461 0.2980769230769231 0.01953125 0.01953125
2 0.16105769230769232 0.0733173076923077 0.013822115384615384 0.016826923076923076
2 0.18870192307692307 0.009615384615384616 0.013221153846153846 0.013221153846153846
2 0.9675480769230769 0.6189903846153846 0.020432692307692308 0.02013221153846154
2 0.36899038461538464 0.1935096153846154 0.009615384615384616 0.026141826923076924
2 0.20192307692307693 0.006009615384615385 0.008713942307692308 0.008713942307692308
2 0.4807692307692308 0.02283653846153846 0.02403846153846154 0.028846153846153848