2 0.5853365384615384 0.9290865384615384 0.014423076923076924 0.028846153846153848
2 0.24639423076923078 0.9507211538461539 0.01171875 0.04807692307692308
2 0.41586538461538464 0.8076923076923077 0.009915865384615384 0.023737980769230768
2 0.19831730769230768 0.5564903846153846 0.01201923076923077 0.021334134615384616
2 0.004807692307692308 0.4651442307692308 0.009615384615384616 0.01201923076923077
2 0.02403846153846154 0.45552884615384615 0.014423076923076924 0.019230769230769232
2 0.359375 0.46634615384615385 0.016526442307692308 0.03365384615384615
2 0.44591346153846156 0.5 0.02283653846153846 0.02283653846153846
2 0.6526442307692307 0.3161057692307692 0.01171875 0.014423076923076924
2 0.8629807692307693 0.37259615384615385 0.01201923076923077 0.013221153846153846
2 0.34975961538461536 0.234375 0.01141826923076923 0.019230769230769232