0 0.9831730769230769 0.421875 0.03365384615384615 0.040865384615384616
2 0.890625 0.6790865384615384 0.026141826923076924 0.026141826923076924
2 0.6971153846153846 0.5348557692307693 0.03395432692307692 0.04326923076923077
2 0.7536057692307693 0.28125 0.026141826923076924 0.024338942307692308
2 0.8088942307692307 0.33533653846153844 0.029447115384615384 0.030048076923076924
2 0.7908653846153846 0.4026442307692308 0.014723557692307692 0.026141826923076924
2 0.8341346153846154 0.38822115384615385 0.014423076923076924 0.02674278846153846
2 0.9146634615384616 0.5108173076923077 0.016826923076923076 0.026141826923076924
2 0.9375 0.9399038461538461 0.08173076923076923 0.08173076923076923
2 0.4963942307692308 0.25961538461538464 0.018028846153846152 0.018028846153846152
2 0.5252403846153846 0.2848557692307692 0.018028846153846152 0.018028846153846152
2 0.8701923076923077 0.6322115384615384 0.010216346153846154 0.019230769230769232