0 0.9867788461538461 0.4254807692307692 0.026442307692307692 0.05228365384615385
2 0.8942307692307693 0.6826923076923077 0.020432692307692308 0.0234375
2 0.6971153846153846 0.5348557692307693 0.03876201923076923 0.038461538461538464
2 0.7596153846153846 0.2848557692307692 0.024338942307692308 0.028846153846153848
2 0.8161057692307693 0.33653846153846156 0.026141826923076924 0.029447115384615384
2 0.8365384615384616 0.3942307692307692 0.014423076923076924 0.023737980769230768
2 0.9182692307692307 0.5168269230769231 0.016826923076923076 0.017127403846153848
2 0.5 0.2608173076923077 0.014723557692307692 0.021334134615384616
2 0.53125 0.2848557692307692 0.014723557692307692 0.021935096153846152
2 0.9387019230769231 0.9387019230769231 0.08443509615384616 0.08413461538461539
2 0.8713942307692307 0.6334134615384616 0.016526442307692308 0.026141826923076924