0 0.984375 0.42427884615384615 0.03125 0.036057692307692304
2 0.8942307692307693 0.6826923076923077 0.022235576923076924 0.021334134615384616
2 0.6971153846153846 0.5348557692307693 0.03395432692307692 0.04326923076923077
2 0.7596153846153846 0.2848557692307692 0.024338942307692308 0.028846153846153848
2 0.8161057692307693 0.33653846153846156 0.02734375 0.028245192307692308
2 0.8365384615384616 0.3942307692307692 0.019230769230769232 0.01893028846153846
2 0.9158653846153846 0.5168269230769231 0.014423076923076924 0.015024038461538462
2 0.9375 0.9375 0.08173076923076923 0.08203125
2 0.8713942307692307 0.6310096153846154 0.019230769230769232 0.026141826923076924
2 0.5 0.2608173076923077 0.014723557692307692 0.021334134615384616
2 0.5276442307692307 0.2848557692307692 0.016526442307692308 0.021334134615384616