0 0.9867788461538461 0.42427884615384615 0.026442307692307692 0.04567307692307692
2 0.8942307692307693 0.6826923076923077 0.022235576923076924 0.021334134615384616
2 0.6971153846153846 0.5348557692307693 0.03395432692307692 0.04326923076923077
2 0.7596153846153846 0.2848557692307692 0.02674278846153846 0.026442307692307692
2 0.8161057692307693 0.33653846153846156 0.025841346153846152 0.030048076923076924
2 0.8365384615384616 0.3942307692307692 0.014423076923076924 0.023737980769230768
2 0.9158653846153846 0.5168269230769231 0.014423076923076924 0.015625
2 0.9375 0.9375 0.04326923076923077 0.12049278846153846
2 0.8713942307692307 0.6310096153846154 0.019230769230769232 0.025841346153846152
2 0.5 0.2608173076923077 0.014723557692307692 0.021334134615384616
2 0.5276442307692307 0.2848557692307692 0.01622596153846154 0.021033653846153848