0 0.9867788461538461 0.4266826923076923 0.026442307692307692 0.05048076923076923
2 0.8942307692307693 0.6826923076923077 0.019831730769230768 0.023737980769230768
2 0.6971153846153846 0.5348557692307693 0.034254807692307696 0.04326923076923077
2 0.7596153846153846 0.2848557692307692 0.024639423076923076 0.028846153846153848
2 0.8161057692307693 0.33653846153846156 0.02734375 0.028245192307692308
2 0.8365384615384616 0.3942307692307692 0.014423076923076924 0.023737980769230768
2 0.9182692307692307 0.5180288461538461 0.014423076923076924 0.014423076923076924
2 0.8737980769230769 0.6322115384615384 0.020432692307692308 0.02013221153846154
2 0.9375 0.9399038461538461 0.04326923076923077 0.1201923076923077
2 0.5 0.2608173076923077 0.018629807692307692 0.017427884615384616
2 0.5300480769230769 0.2848557692307692 0.018028846153846152 0.018028846153846152