0 0.9831730769230769 0.4254807692307692 0.03365384615384615 0.038461538461538464
2 0.8942307692307693 0.6826923076923077 0.022235576923076924 0.021334134615384616
2 0.6971153846153846 0.5348557692307693 0.0390625 0.038461538461538464
2 0.7596153846153846 0.2848557692307692 0.02674278846153846 0.026442307692307692
2 0.8161057692307693 0.33653846153846156 0.02734375 0.028245192307692308
2 0.8365384615384616 0.3942307692307692 0.014423076923076924 0.023737980769230768
2 0.9206730769230769 0.5192307692307693 0.017127403846153848 0.017127403846153848
2 0.9375 0.9399038461538461 0.08173076923076923 0.08173076923076923
2 0.8713942307692307 0.6358173076923077 0.01893028846153846 0.01893028846153846
2 0.5 0.25961538461538464 0.015024038461538462 0.019230769230769232
2 0.5276442307692307 0.2848557692307692 0.018629807692307692 0.018629807692307692