0 0.6911057692307693 0.2644230769230769 0.026141826923076924 0.038161057692307696
0 0.47596153846153844 0.14423076923076922 0.020432692307692308 0.022235576923076924
2 0.5480769230769231 0.4074519230769231 0.10997596153846154 0.08954326923076923
2 0.6466346153846154 0.47115384615384615 0.038161057692307696 0.024338942307692308
2 0.7836538461538461 0.04326923076923077 0.04296875 0.057992788461538464
2 0.28365384615384615 0.23918269230769232 0.033353365384615384 0.026141826923076924
2 0.44350961538461536 0.09134615384615384 0.03936298076923077 0.03936298076923077
2 0.2776442307692308 0.07211538461538461 0.01532451923076923 0.015625
2 0.3557692307692308 0.1045673076923077 0.013822115384615384 0.013221153846153846
2 0.3449519230769231 0.21634615384615385 0.01141826923076923 0.010817307692307692
2 0.3713942307692308 0.24639423076923078 0.014122596153846154 0.014423076923076924
2 0.4387019230769231 0.25721153846153844 0.014423076923076924 0.019230769230769232