0 0.7295673076923077 0.29927884615384615 0.028846153846153848 0.028545673076923076
0 0.5108173076923077 0.15985576923076922 0.019230769230769232 0.01953125
2 0.5588942307692307 0.4411057692307692 0.026442307692307692 0.03365384615384615
2 0.6802884615384616 0.5228365384615384 0.04266826923076923 0.04326923076923077
2 0.44471153846153844 0.25600961538461536 0.016826923076923076 0.017427884615384616
2 0.4651442307692308 0.2776442307692308 0.01171875 0.016826923076923076
2 0.4723557692307692 0.11177884615384616 0.06009615384615385 0.05979567307692308
2 0.3088942307692308 0.2536057692307692 0.03635817307692308 0.026141826923076924
2 0.8329326923076923 0.06370192307692307 0.040865384615384616 0.05078125
2 0.46274038461538464 0.17548076923076922 0.01201923076923077 0.012620192307692308
2 0.5709134615384616 0.11778846153846154 0.012920673076923076 0.013221153846153846