0 0.7355769230769231 0.3329326923076923 0.025841346153846152 0.026442307692307692
0 0.5084134615384616 0.18990384615384615 0.017728365384615384 0.018329326923076924
2 0.5649038461538461 0.47836538461538464 0.12980769230769232 0.13010817307692307
2 0.7151442307692307 0.5853365384615384 0.10817307692307693 0.05979567307692308
2 0.2932692307692308 0.28365384615384615 0.029146634615384616 0.029146634615384616
2 0.4411057692307692 0.2932692307692308 0.012920673076923076 0.013221153846153846
2 0.4639423076923077 0.31490384615384615 0.015024038461538462 0.015625
2 0.4567307692307692 0.20673076923076922 0.010216346153846154 0.010216346153846154
2 0.5456730769230769 0.23197115384615385 0.012319711538461538 0.01201923076923077
2 0.84375 0.09014423076923077 0.04326923076923077 0.055588942307692304
2 0.47475961538461536 0.13581730769230768 0.046875 0.04657451923076923
2 0.30288461538461536 0.12620192307692307 0.018629807692307692 0.019230769230769232
2 0.38100961538461536 0.15144230769230768 0.01171875 0.019230769230769232
2 0.35336538461538464 0.12139423076923077 0.021033653846153848 0.021634615384615384