0 0.7307692307692307 0.3473557692307692 0.01953125 0.03365384615384615
0 0.4987980769230769 0.19951923076923078 0.009615384615384616 0.024338942307692308
2 0.5649038461538461 0.5 0.13942307692307693 0.13521634615384615
2 0.7139423076923077 0.6105769230769231 0.10576923076923077 0.057992788461538464
2 0.28725961538461536 0.30408653846153844 0.028846153846153848 0.028245192307692308
2 0.4326923076923077 0.3088942307692308 0.013822115384615384 0.013221153846153846
2 0.45552884615384615 0.3293269230769231 0.016826923076923076 0.015024038461538462
2 0.44591346153846156 0.21514423076923078 0.014423076923076924 0.019230769230769232
2 0.45913461538461536 0.1466346153846154 0.0625 0.06280048076923077
2 0.39663461538461536 0.09375 0.012319711538461538 0.01141826923076923
2 0.41586538461538464 0.09735576923076923 0.009615384615384616 0.01201923076923077
2 0.5612980769230769 0.15144230769230768 0.01171875 0.014423076923076924
2 0.8341346153846154 0.09495192307692307 0.051682692307692304 0.051682692307692304
2 0.8161057692307693 0.2439903846153846 0.01201923076923077 0.01201923076923077
2 0.2127403846153846 0.040865384615384616 0.01201923076923077 0.019230769230769232