0 0.7379807692307693 0.36177884615384615 0.027644230769230768 0.02734375
0 0.5012019230769231 0.20552884615384615 0.016826923076923076 0.017127403846153848
2 0.5649038461538461 0.515625 0.14903846153846154 0.15625
2 0.7560096153846154 0.6478365384615384 0.18479567307692307 0.09134615384615384
2 0.29086538461538464 0.3125 0.03365384615384615 0.03395432692307692
2 0.43149038461538464 0.3161057692307692 0.01201923076923077 0.016826923076923076
2 0.4567307692307692 0.33413461538461536 0.014723557692307692 0.019230769230769232
2 0.44711538461538464 0.22235576923076922 0.013822115384615384 0.013221153846153846
2 0.8461538461538461 0.09735576923076923 0.033353365384615384 0.055588942307692304
2 0.8245192307692307 0.2536057692307692 0.009615384615384616 0.019230769230769232
2 0.5661057692307693 0.15745192307692307 0.009615384615384616 0.014423076923076924
2 0.4651442307692308 0.15384615384615385 0.04567307692307692 0.06700721153846154
2 0.34975961538461536 0.13701923076923078 0.016826923076923076 0.019230769230769232
2 0.28966346153846156 0.1141826923076923 0.016826923076923076 0.016826923076923076
2 0.29086538461538464 0.14423076923076922 0.014423076923076924 0.01953125