0 0.7223557692307693 0.3737980769230769 0.028545673076923076 0.028545673076923076
0 0.484375 0.21995192307692307 0.019230769230769232 0.019831730769230768
2 0.41586538461538464 0.33533653846153844 0.015024038461538462 0.015625
2 0.2704326923076923 0.33774038461538464 0.03155048076923077 0.030949519230769232
2 0.44711538461538464 0.16346153846153846 0.04326923076923077 0.06760817307692307
2 0.828125 0.09975961538461539 0.035757211538461536 0.0625
2 0.546875 0.16706730769230768 0.009615384615384616 0.016826923076923076
2 0.8088942307692307 0.2620192307692308 0.016526442307692308 0.024338942307692308
2 0.43149038461538464 0.23918269230769232 0.016526442307692308 0.026141826923076924
2 0.4411057692307692 0.36177884615384615 0.016526442307692308 0.019230769230769232
2 0.5637019230769231 0.5625 0.09795673076923077 0.09735576923076923
2 0.7127403846153846 0.6550480769230769 0.12229567307692307 0.0694110576923077