0 0.7223557692307693 0.38822115384615385 0.028245192307692308 0.028245192307692308
0 0.4807692307692308 0.23317307692307693 0.014423076923076924 0.024338942307692308
2 0.5564903846153846 0.5757211538461539 0.125 0.12259615384615384
2 0.75 0.6911057692307693 0.1971153846153846 0.09375
2 0.8269230769230769 0.109375 0.046274038461538464 0.04717548076923077
2 0.8088942307692307 0.2764423076923077 0.017427884615384616 0.018028846153846152
2 0.25600961538461536 0.3485576923076923 0.02794471153846154 0.02734375
2 0.4375 0.16826923076923078 0.048677884615384616 0.07632211538461539
2 0.32211538461538464 0.16346153846153846 0.021634615384615384 0.021334134615384616
2 0.3473557692307692 0.19471153846153846 0.017728365384615384 0.018028846153846152
2 0.5432692307692307 0.1778846153846154 0.014723557692307692 0.014423076923076924
2 0.41225961538461536 0.3473557692307692 0.016826923076923076 0.01622596153846154
2 0.4338942307692308 0.3713942307692308 0.017728365384615384 0.018028846153846152
2 0.4266826923076923 0.2536057692307692 0.015625 0.015625
2 0.25961538461538464 0.1658653846153846 0.017127403846153848 0.016826923076923076
2 0.25961538461538464 0.13942307692307693 0.012620192307692308 0.013221153846153846