0 0.7175480769230769 0.4098557692307692 0.021634615384615384 0.04056490384615385
0 0.4699519230769231 0.24759615384615385 0.021634615384615384 0.021634615384615384
2 0.5432692307692307 0.5949519230769231 0.15895432692307693 0.15625
2 0.75 0.7223557692307693 0.14302884615384615 0.1427283653846154
2 0.2439903846153846 0.37740384615384615 0.035757211538461536 0.024338942307692308
2 0.40024038461538464 0.37259615384615385 0.015625 0.015925480769230768
2 0.421875 0.3954326923076923 0.021634615384615384 0.021334134615384616
2 0.8052884615384616 0.28725961538461536 0.013822115384615384 0.021334134615384616
2 0.8233173076923077 0.12139423076923077 0.040865384615384616 0.0625
2 0.42788461538461536 0.1971153846153846 0.052584134615384616 0.08173076923076923
2 0.41586538461538464 0.26802884615384615 0.013221153846153846 0.019230769230769232
2 0.33413461538461536 0.2127403846153846 0.015925480769230768 0.01532451923076923
2 0.3088942307692308 0.18028846153846154 0.017728365384615384 0.018028846153846152
2 0.24879807692307693 0.18629807692307693 0.017728365384615384 0.018028846153846152
2 0.5348557692307693 0.19230769230769232 0.016526442307692308 0.019230769230769232
2 0.359375 0.13581730769230768 0.014423076923076924 0.014423076923076924
2 0.38221153846153844 0.14182692307692307 0.013822115384615384 0.015024038461538462