0 0.7115384615384616 0.43149038461538464 0.024639423076923076 0.04146634615384615
0 0.45913461538461536 0.2704326923076923 0.015024038461538462 0.028846153846153848
2 0.5336538461538461 0.6213942307692307 0.15384615384615385 0.15504807692307693
2 0.7427884615384616 0.7524038461538461 0.15264423076923078 0.15324519230769232
2 0.234375 0.4074519230769231 0.039663461538461536 0.03936298076923077
2 0.3870192307692308 0.40024038461538464 0.014723557692307692 0.026141826923076924
2 0.41225961538461536 0.4182692307692308 0.019230769230769232 0.024338942307692308
2 0.4026442307692308 0.29447115384615385 0.020432692307692308 0.021033653846153848
2 0.41225961538461536 0.2091346153846154 0.06640625 0.06610576923076923
2 0.28725961538461536 0.20072115384615385 0.026442307692307692 0.021935096153846152
2 0.8125 0.1310096153846154 0.052884615384615384 0.052884615384615384
2 0.7956730769230769 0.30528846153846156 0.015024038461538462 0.014423076923076924
2 0.5240384615384616 0.2091346153846154 0.016826923076923076 0.016826923076923076
2 0.3473557692307692 0.15745192307692307 0.009615384615384616 0.021935096153846152
2 0.23076923076923078 0.171875 0.021935096153846152 0.021634615384615384
2 0.23317307692307693 0.20192307692307693 0.019831730769230768 0.01953125
2 0.31850961538461536 0.23798076923076922 0.01171875 0.019230769230769232
2 0.6862980769230769 0.008413461538461538 0.014423076923076924 0.01201923076923077