0 0.7115384615384616 0.5168269230769231 0.019831730769230768 0.038161057692307696
0 0.44350961538461536 0.33653846153846156 0.014423076923076924 0.030048076923076924
2 0.5324519230769231 0.7415865384615384 0.16826923076923078 0.16826923076923078
2 0.6526442307692307 0.8413461538461539 0.036057692307692304 0.024338942307692308
2 0.7307692307692307 0.8834134615384616 0.056790865384615384 0.056790865384615384
2 0.8497596153846154 0.9278846153846154 0.02734375 0.028245192307692308
2 0.36899038461538464 0.47836538461538464 0.024939903846153848 0.024639423076923076
2 0.3954326923076923 0.5108173076923077 0.018028846153846152 0.018028846153846152
2 0.1971153846153846 0.49158653846153844 0.038161057692307696 0.028846153846153848
2 0.2932692307692308 0.3004807692307692 0.019230769230769232 0.024338942307692308
2 0.2644230769230769 0.2620192307692308 0.02403846153846154 0.024338942307692308
2 0.20192307692307693 0.23677884615384615 0.024639423076923076 0.02403846153846154
2 0.20432692307692307 0.27524038461538464 0.025240384615384616 0.024639423076923076
2 0.3233173076923077 0.21153846153846154 0.016526442307692308 0.029447115384615384
2 0.3485576923076923 0.21634615384615385 0.013822115384615384 0.018629807692307692
2 0.3942307692307692 0.2776442307692308 0.057992788461538464 0.09375
2 0.38221153846153844 0.3629807692307692 0.014423076923076924 0.01953125
2 0.5120192307692307 0.27283653846153844 0.018028846153846152 0.017728365384615384
2 0.8112980769230769 0.18389423076923078 0.054086538461538464 0.05438701923076923
2 0.796875 0.37259615384615385 0.019230769230769232 0.024338942307692308
2 0.6754807692307693 0.03485576923076923 0.014723557692307692 0.028846153846153848
2 0.6586538461538461 0.010817307692307692 0.018629807692307692 0.018028846153846152
2 0.9459134615384616 0.3389423076923077 0.020432692307692308 0.02013221153846154