0 0.7115384615384616 0.5168269230769231 0.030048076923076924 0.028245192307692308
0 0.44350961538461536 0.33653846153846156 0.014423076923076924 0.030048076923076924
2 0.5324519230769231 0.7415865384615384 0.16826923076923078 0.16826923076923078
2 0.6526442307692307 0.8413461538461539 0.030048076923076924 0.03064903846153846
2 0.7307692307692307 0.8834134615384616 0.07752403846153846 0.03665865384615385
2 0.8497596153846154 0.9278846153846154 0.02734375 0.028245192307692308
2 0.36899038461538464 0.47836538461538464 0.016526442307692308 0.033052884615384616
2 0.3954326923076923 0.5108173076923077 0.018028846153846152 0.018028846153846152
2 0.1971153846153846 0.49158653846153844 0.033353365384615384 0.03365384615384615
2 0.2932692307692308 0.3004807692307692 0.019230769230769232 0.024338942307692308
2 0.2644230769230769 0.2620192307692308 0.02403846153846154 0.024338942307692308
2 0.20192307692307693 0.23677884615384615 0.029146634615384616 0.019230769230769232
2 0.20432692307692307 0.27524038461538464 0.025240384615384616 0.024939903846153848
2 0.3233173076923077 0.21153846153846154 0.022536057692307692 0.0234375
2 0.3485576923076923 0.21634615384615385 0.015625 0.015625
2 0.3942307692307692 0.2776442307692308 0.05829326923076923 0.09375
2 0.38221153846153844 0.3629807692307692 0.014423076923076924 0.01953125
2 0.5120192307692307 0.27283653846153844 0.014423076923076924 0.021334134615384616
2 0.8112980769230769 0.18389423076923078 0.054086538461538464 0.05438701923076923
2 0.796875 0.37259615384615385 0.019230769230769232 0.024338942307692308
2 0.6754807692307693 0.03485576923076923 0.021935096153846152 0.021634615384615384
2 0.6586538461538461 0.010817307692307692 0.01953125 0.016826923076923076
2 0.9459134615384616 0.3389423076923077 0.016826923076923076 0.023737980769230768