0 0.7151442307692307 0.5769230769230769 0.026141826923076924 0.047475961538461536
0 0.4362980769230769 0.3858173076923077 0.025240384615384616 0.025240384615384616
2 0.4855769230769231 0.7800480769230769 0.09645432692307693 0.13191105769230768
2 0.5721153846153846 0.8858173076923077 0.05438701923076923 0.054086538461538464
2 0.6983173076923077 0.9579326923076923 0.07211538461538461 0.07211538461538461
2 0.18629807692307693 0.5528846153846154 0.039963942307692304 0.039963942307692304
2 0.36177884615384615 0.5384615384615384 0.014423076923076924 0.0234375
2 0.2824519230769231 0.3449519230769231 0.016526442307692308 0.021935096153846152
2 0.25 0.3004807692307692 0.024338942307692308 0.024338942307692308
2 0.18389423076923078 0.2776442307692308 0.025841346153846152 0.019230769230769232
2 0.18629807692307693 0.31490384615384615 0.021634615384615384 0.024338942307692308
2 0.38461538461538464 0.31971153846153844 0.057992788461538464 0.10576923076923077
2 0.3137019230769231 0.24639423076923078 0.016526442307692308 0.026141826923076924
2 0.5060096153846154 0.3125 0.021634615384615384 0.022235576923076924
2 0.8161057692307693 0.2127403846153846 0.05048076923076923 0.07451923076923077
2 0.6778846153846154 0.05889423076923077 0.027644230769230768 0.02794471153846154
2 0.6574519230769231 0.025240384615384616 0.026141826923076924 0.03635817307692308
2 0.38461538461538464 0.5697115384615384 0.019230769230769232 0.019230769230769232