0 0.7319711538461539 0.6838942307692307 0.036057692307692304 0.036057692307692304
0 0.43149038461538464 0.46634615384615385 0.016826923076923076 0.03365384615384615
0 0.6334134615384616 0.03485576923076923 0.025540865384615384 0.025240384615384616
2 0.4951923076923077 0.9483173076923077 0.09254807692307693 0.09254807692307693
2 0.1622596153846154 0.65625 0.042367788461538464 0.04176682692307692
2 0.3473557692307692 0.6394230769230769 0.016526442307692308 0.024338942307692308
2 0.3798076923076923 0.6778846153846154 0.019230769230769232 0.019230769230769232
2 0.16826923076923078 0.3870192307692308 0.019831730769230768 0.024338942307692308
2 0.2403846153846154 0.3786057692307692 0.028245192307692308 0.028846153846153848
2 0.27163461538461536 0.4182692307692308 0.021634615384615384 0.021634615384615384
2 0.38100961538461536 0.3942307692307692 0.08984375 0.08984375
2 0.36778846153846156 0.4987980769230769 0.018629807692307692 0.018329326923076924
2 0.5084134615384616 0.38461538461538464 0.016826923076923076 0.023737980769230768
2 0.8317307692307693 0.27524038461538464 0.05709134615384615 0.056490384615384616
2 0.8245192307692307 0.5060096153846154 0.017427884615384616 0.017728365384615384
2 0.6862980769230769 0.10697115384615384 0.026442307692307692 0.026141826923076924
2 0.6658653846153846 0.06971153846153846 0.024338942307692308 0.03876201923076923
2 0.7103365384615384 0.6658653846153846 0.021634615384615384 0.021334134615384616
2 0.6899038461538461 0.7620192307692307 0.014423076923076924 0.028545673076923076
2 0.5432692307692307 0.6430288461538461 0.01622596153846154 0.015925480769230768
2 0.9098557692307693 0.6129807692307693 0.01201923076923077 0.023737980769230768