0 0.7403846153846154 0.7632211538461539 0.028245192307692308 0.05078125
0 0.4254807692307692 0.5276442307692307 0.015024038461538462 0.03635817307692308
0 0.6346153846153846 0.06610576923076923 0.033353365384615384 0.019230769230769232
2 0.140625 0.7415865384615384 0.050180288461538464 0.05078125
2 0.33653846153846156 0.71875 0.010216346153846154 0.024338942307692308
2 0.36658653846153844 0.7596153846153846 0.026442307692307692 0.026141826923076924
2 0.3581730769230769 0.5612980769230769 0.015024038461538462 0.03125
2 0.3713942307692308 0.4495192307692308 0.06520432692307693 0.125
2 0.15504807692307693 0.39783653846153844 0.02403846153846154 0.02403846153846154
2 0.14903846153846154 0.43990384615384615 0.01953125 0.024338942307692308
2 0.2247596153846154 0.4326923076923077 0.024639423076923076 0.024639423076923076
2 0.2548076923076923 0.4795673076923077 0.010216346153846154 0.026141826923076924
2 0.2932692307692308 0.36177884615384615 0.010216346153846154 0.019230769230769232
2 0.32211538461538464 0.3713942307692308 0.010216346153846154 0.019230769230769232
2 0.5060096153846154 0.43990384615384615 0.019230769230769232 0.01953125
2 0.8353365384615384 0.5685096153846154 0.021634615384615384 0.021334134615384616
2 0.8365384615384616 0.31850961538461536 0.05739182692307692 0.08864182692307693
2 0.6658653846153846 0.0985576923076923 0.024338942307692308 0.04326923076923077
2 0.6911057692307693 0.13942307692307693 0.029747596153846152 0.029747596153846152
2 0.9254807692307693 0.6826923076923077 0.022235576923076924 0.021033653846153848
2 0.7247596153846154 0.7007211538461539 0.01622596153846154 0.027043269230769232