0 0.7487980769230769 0.8161057692307693 0.026141826923076924 0.055588942307692304
0 0.4254807692307692 0.5637019230769231 0.025540865384615384 0.024939903846153848
0 0.6382211538461539 0.08173076923076923 0.03155048076923077 0.018629807692307692
0 0.3605769230769231 0.007211538461538462 0.024338942307692308 0.009915865384615384
2 0.1310096153846154 0.7848557692307693 0.05348557692307692 0.054086538461538464
2 0.3329326923076923 0.7668269230769231 0.01201923076923077 0.024338942307692308
2 0.36538461538461536 0.8088942307692307 0.014723557692307692 0.021334134615384616
2 0.3545673076923077 0.5985576923076923 0.02013221153846154 0.02013221153846154
2 0.1466346153846154 0.4254807692307692 0.024338942307692308 0.024639423076923076
2 0.14302884615384615 0.4723557692307692 0.023737980769230768 0.024338942307692308
2 0.21754807692307693 0.4567307692307692 0.02674278846153846 0.028545673076923076
2 0.25 0.5084134615384616 0.014723557692307692 0.026141826923076924
2 0.31850961538461536 0.3954326923076923 0.018028846153846152 0.017427884615384616
2 0.36899038461538464 0.4807692307692308 0.07451923076923077 0.12920673076923078
2 0.5036057692307693 0.4651442307692308 0.016826923076923076 0.017127403846153848
2 0.8461538461538461 0.609375 0.018028846153846152 0.018629807692307692
2 0.8497596153846154 0.3473557692307692 0.07241586538461539 0.07241586538461539
2 0.6935096153846154 0.15745192307692307 0.021634615384615384 0.03545673076923077
2 0.671875 0.11538461538461539 0.021634615384615384 0.03876201923076923
2 0.9387019230769231 0.7307692307692307 0.01171875 0.01953125
2 0.734375 0.7512019230769231 0.015625 0.015625
2 0.7259615384615384 0.796875 0.01622596153846154 0.01622596153846154
2 0.7055288461538461 0.9098557692307693 0.014423076923076924 0.021935096153846152