0 0.7548076923076923 0.8581730769230769 0.03876201923076923 0.03876201923076923
0 0.4230769230769231 0.5925480769230769 0.018629807692307692 0.035757211538461536
0 0.6394230769230769 0.09134615384615384 0.025841346153846152 0.027043269230769232
0 0.359375 0.010817307692307692 0.021334134615384616 0.021634615384615384
2 0.12379807692307693 0.8269230769230769 0.057692307692307696 0.048677884615384616
2 0.3293269230769231 0.8076923076923077 0.022235576923076924 0.021334134615384616
2 0.359375 0.8509615384615384 0.024939903846153848 0.024939903846153848
2 0.3485576923076923 0.6286057692307693 0.014723557692307692 0.02674278846153846
2 0.13701923076923078 0.4495192307692308 0.028245192307692308 0.019831730769230768
2 0.1346153846153846 0.5036057692307693 0.030348557692307692 0.029747596153846152
2 0.2091346153846154 0.4807692307692308 0.027043269230769232 0.026442307692307692
2 0.2439903846153846 0.5384615384615384 0.01622596153846154 0.030048076923076924
2 0.36538461538461536 0.5036057692307693 0.06700721153846154 0.125
2 0.5060096153846154 0.4963942307692308 0.01201923076923077 0.026141826923076924
2 0.8557692307692307 0.6418269230769231 0.021634615384615384 0.022235576923076924
2 0.8557692307692307 0.36778846153846156 0.07451923076923077 0.0751201923076923
2 0.6754807692307693 0.12980769230769232 0.0234375 0.04326923076923077
2 0.6995192307692307 0.17307692307692307 0.029447115384615384 0.028245192307692308
2 0.28365384615384615 0.41225961538461536 0.013521634615384616 0.013221153846153846
2 0.31490384615384615 0.4182692307692308 0.009915865384615384 0.019230769230769232
2 0.7379807692307693 0.7860576923076923 0.010216346153846154 0.019230769230769232
2 0.7283653846153846 0.8329326923076923 0.020432692307692308 0.019831730769230768
2 0.7091346153846154 0.9507211538461539 0.015024038461538462 0.022235576923076924
2 0.9483173076923077 0.7668269230769231 0.015625 0.01622596153846154