0 0.4098557692307692 0.7548076923076923 0.029747596153846152 0.030048076923076924
0 0.6442307692307693 0.16706730769230768 0.033052884615384616 0.016826923076923076
0 0.3485576923076923 0.07451923076923077 0.025841346153846152 0.025841346153846152
2 0.9915865384615384 0.9639423076923077 0.016826923076923076 0.028846153846153848
2 0.8858173076923077 0.8137019230769231 0.021033653846153848 0.022235576923076924
2 0.5012019230769231 0.6370192307692307 0.019230769230769232 0.018629807692307692
2 0.328125 0.8004807692307693 0.016526442307692308 0.024338942307692308
2 0.3473557692307692 0.6466346153846154 0.07211538461538461 0.14873798076923078
2 0.2127403846153846 0.6862980769230769 0.028846153846153848 0.028545673076923076
2 0.17908653846153846 0.6262019230769231 0.026442307692307692 0.02674278846153846
2 0.0985576923076923 0.5817307692307693 0.028245192307692308 0.028545673076923076
2 0.09134615384615384 0.6394230769230769 0.026442307692307692 0.026442307692307692
2 0.25961538461538464 0.5360576923076923 0.018629807692307692 0.033052884615384616
2 0.8737980769230769 0.4831730769230769 0.055588942307692304 0.10997596153846154
2 0.6802884615384616 0.20793269230769232 0.01953125 0.041165865384615384
2 0.7067307692307693 0.2536057692307692 0.014723557692307692 0.03635817307692308