0 0.40384615384615385 0.8088942307692307 0.018629807692307692 0.04326923076923077
0 0.6454326923076923 0.1875 0.03665865384615385 0.018028846153846152
0 0.3425480769230769 0.09375 0.026442307692307692 0.024338942307692308
2 0.8954326923076923 0.8677884615384616 0.01201923076923077 0.023737980769230768
2 0.8894230769230769 0.5192307692307693 0.06790865384615384 0.1141826923076923
2 0.6802884615384616 0.23076923076923078 0.02403846153846154 0.048677884615384616
2 0.7091346153846154 0.27884615384615385 0.029447115384615384 0.028545673076923076
2 0.4987980769230769 0.6826923076923077 0.019230769230769232 0.01893028846153846
2 0.31971153846153844 0.8557692307692307 0.01622596153846154 0.017127403846153848
2 0.3425480769230769 0.6899038461538461 0.11358173076923077 0.1141826923076923
2 0.08774038461538461 0.6262019230769231 0.027644230769230768 0.027644230769230768
2 0.16466346153846154 0.6694711538461539 0.028846153846153848 0.028846153846153848
2 0.20192307692307693 0.7355769230769231 0.010817307692307692 0.028846153846153848
2 0.07932692307692307 0.6899038461538461 0.02283653846153846 0.03365384615384615
2 0.2512019230769231 0.5769230769230769 0.018028846153846152 0.018629807692307692
2 0.2824519230769231 0.5865384615384616 0.016526442307692308 0.023737980769230768