0 0.39783653846153844 0.9098557692307693 0.03125 0.03125
0 0.6490384615384616 0.22716346153846154 0.03786057692307692 0.016826923076923076
0 0.33653846153846156 0.1201923076923077 0.027043269230769232 0.025841346153846152
2 0.9158653846153846 0.9723557692307693 0.025841346153846152 0.024639423076923076
2 0.8942307692307693 0.5889423076923077 0.09585336538461539 0.09645432692307693
2 0.6875 0.27524038461538464 0.024639423076923076 0.0546875
2 0.7151442307692307 0.328125 0.029747596153846152 0.030048076923076924
2 0.4963942307692308 0.7668269230769231 0.014423076923076924 0.01953125
2 0.3293269230769231 0.7848557692307693 0.1349158653846154 0.1346153846153846
2 0.3076923076923077 0.9627403846153846 0.021935096153846152 0.021634615384615384
2 0.23677884615384615 0.6514423076923077 0.022536057692307692 0.022235576923076924
2 0.27163461538461536 0.6622596153846154 0.018329326923076924 0.017728365384615384
2 0.06009615384615385 0.7043269230769231 0.027043269230769232 0.02674278846153846
2 0.1502403846153846 0.7608173076923077 0.02403846153846154 0.03635817307692308
2 0.18389423076923078 0.8269230769230769 0.02403846153846154 0.02403846153846154
2 0.056490384615384616 0.7728365384615384 0.021634615384615384 0.03365384615384615