0 0.39783653846153844 0.9098557692307693 0.03125 0.03125
0 0.6490384615384616 0.22716346153846154 0.03786057692307692 0.016826923076923076
0 0.33653846153846156 0.1201923076923077 0.02674278846153846 0.026141826923076924
2 0.9158653846153846 0.9723557692307693 0.025540865384615384 0.024939903846153848
2 0.8942307692307693 0.5889423076923077 0.061899038461538464 0.13040865384615385
2 0.6875 0.27524038461538464 0.039963942307692304 0.03936298076923077
2 0.7151442307692307 0.328125 0.01622596153846154 0.04326923076923077
2 0.4963942307692308 0.7668269230769231 0.014423076923076924 0.01953125
2 0.3293269230769231 0.7848557692307693 0.1349158653846154 0.1346153846153846
2 0.3076923076923077 0.9627403846153846 0.021935096153846152 0.021634615384615384
2 0.23677884615384615 0.6514423076923077 0.022536057692307692 0.022235576923076924
2 0.27163461538461536 0.6622596153846154 0.018329326923076924 0.017728365384615384
2 0.06009615384615385 0.7043269230769231 0.027644230769230768 0.027043269230769232
2 0.1502403846153846 0.7608173076923077 0.02403846153846154 0.03665865384615385
2 0.18389423076923078 0.8269230769230769 0.02403846153846154 0.02403846153846154
2 0.056490384615384616 0.7728365384615384 0.021634615384615384 0.03365384615384615