0 0.3942307692307692 0.9615384615384616 0.029447115384615384 0.028846153846153848
0 0.6490384615384616 0.24639423076923078 0.033353365384615384 0.019230769230769232
0 0.3317307692307692 0.13581730769230768 0.025841346153846152 0.024639423076923076
2 0.4951923076923077 0.8100961538461539 0.01953125 0.01953125
2 0.3245192307692308 0.8245192307692307 0.08173076923076923 0.1775841346153846
2 0.23076923076923078 0.6887019230769231 0.018629807692307692 0.018629807692307692
2 0.14302884615384615 0.7992788461538461 0.016826923076923076 0.027043269230769232
2 0.17548076923076922 0.8725961538461539 0.014723557692307692 0.028846153846153848
2 0.04326923076923077 0.8173076923076923 0.019831730769230768 0.03395432692307692
2 0.9050480769230769 0.6225961538461539 0.0625 0.13431490384615385
2 0.6887019230769231 0.296875 0.027043269230769232 0.06009615384615385
2 0.7199519230769231 0.3485576923076923 0.030048076923076924 0.030048076923076924
2 0.05048076923076923 0.7451923076923077 0.03245192307692308 0.03245192307692308