0 0.6610576923076923 0.2692307692307692 0.03395432692307692 0.01953125
0 0.33653846153846156 0.1502403846153846 0.028545673076923076 0.028846153846153848
2 0.4987980769230769 0.8629807692307693 0.016826923076923076 0.017127403846153848
2 0.2283653846153846 0.7307692307692307 0.021033653846153848 0.021334134615384616
2 0.16826923076923078 0.9206730769230769 0.024639423076923076 0.02403846153846154
2 0.046875 0.7848557692307693 0.03665865384615385 0.027043269230769232
2 0.13341346153846154 0.84375 0.026442307692307692 0.026442307692307692
2 0.038461538461538464 0.8545673076923077 0.023137019230769232 0.022536057692307692
2 0.3245192307692308 0.8774038461538461 0.08203125 0.16887019230769232
2 0.921875 0.6694711538461539 0.10096153846153846 0.10096153846153846
2 0.7019230769230769 0.32211538461538464 0.041165865384615384 0.04056490384615385
2 0.7307692307692307 0.3786057692307692 0.01953125 0.04807692307692308