0 0.6742788461538461 0.30649038461538464 0.026442307692307692 0.026442307692307692
0 0.34375 0.17908653846153846 0.028545673076923076 0.028846153846153848
0 0.6634615384615384 0.013221153846153846 0.019230769230769232 0.019230769230769232
2 0.5012019230769231 0.9375 0.020432692307692308 0.020432692307692308
2 0.22235576923076922 0.7884615384615384 0.014423076923076924 0.03395432692307692
2 0.33533653846153844 0.9086538461538461 0.10697115384615384 0.10757211538461539
2 0.030048076923076924 0.8449519230769231 0.026442307692307692 0.02674278846153846
2 0.025240384615384616 0.9290865384615384 0.033353365384615384 0.03365384615384615
2 0.1201923076923077 0.9050480769230769 0.039663461538461536 0.038461538461538464
2 0.15865384615384615 0.9879807692307693 0.021033653846153848 0.021334134615384616
2 0.9435096153846154 0.7367788461538461 0.0655048076923077 0.15204326923076922
2 0.7163461538461539 0.3629807692307692 0.04447115384615385 0.046875
2 0.7463942307692307 0.421875 0.03245192307692308 0.03245192307692308