0 0.6838942307692307 0.33413461538461536 0.03635817307692308 0.019230769230769232
0 0.3485576923076923 0.1971153846153846 0.030048076923076924 0.03245192307692308
0 0.6730769230769231 0.028846153846153848 0.021033653846153848 0.021935096153846152
2 0.5060096153846154 0.9891826923076923 0.016826923076923076 0.016526442307692308
2 0.953125 0.7836538461538461 0.09375 0.11538461538461539
2 0.7271634615384616 0.39302884615384615 0.04567307692307692 0.04567307692307692
2 0.7572115384615384 0.45552884615384615 0.019230769230769232 0.04807692307692308
2 0.3485576923076923 0.9459134615384616 0.052884615384615384 0.10366586538461539
2 0.22235576923076922 0.8317307692307693 0.024939903846153848 0.025540865384615384
2 0.11538461538461539 0.9495192307692307 0.033353365384615384 0.033353365384615384
2 0.030048076923076924 0.8870192307692307 0.026442307692307692 0.023737980769230768
2 0.013221153846153846 0.9783653846153846 0.026442307692307692 0.04326923076923077