0 0.3112980769230769 0.6346153846153846 0.04567307692307692 0.052584134615384616
0 0.6947115384615384 0.5024038461538461 0.04056490384615385 0.04026442307692308
0 0.5504807692307693 0.39663461538461536 0.024639423076923076 0.03395432692307692
2 0.9254807692307693 0.5516826923076923 0.04447115384615385 0.044771634615384616
2 0.33774038461538464 0.8004807692307693 0.019230769230769232 0.01893028846153846
2 0.10817307692307693 0.4074519230769231 0.015024038461538462 0.02674278846153846
2 0.3293269230769231 0.19230769230769232 0.028545673076923076 0.028545673076923076
2 0.5384615384615384 0.10576923076923077 0.017127403846153848 0.016826923076923076
2 0.31971153846153844 0.010817307692307692 0.015024038461538462 0.015625
2 0.2764423076923077 0.15745192307692307 0.017427884615384616 0.018329326923076924
2 0.028846153846153848 0.11658653846153846 0.013521634615384616 0.013221153846153846
2 0.04567307692307692 0.11177884615384616 0.016826923076923076 0.016826923076923076