0 0.31009615384615385 0.7295673076923077 0.04807692307692308 0.05498798076923077
0 0.7235576923076923 0.5961538461538461 0.04266826923076923 0.043569711538461536
0 0.5673076923076923 0.4699519230769231 0.028545673076923076 0.035757211538461536
2 0.9663461538461539 0.6514423076923077 0.052584134615384616 0.04807692307692308
2 0.33413461538461536 0.9182692307692307 0.022235576923076924 0.021634615384615384
2 0.10096153846153846 0.4879807692307692 0.038461538461538464 0.0390625
2 0.3401442307692308 0.23798076923076922 0.030348557692307692 0.029447115384615384
2 0.2848557692307692 0.19951923076923078 0.016826923076923076 0.024338942307692308
2 0.04807692307692308 0.14903846153846154 0.015024038461538462 0.014423076923076924
2 0.03125 0.15264423076923078 0.015024038461538462 0.015625
2 0.14903846153846154 0.23076923076923078 0.014423076923076924 0.018629807692307692
2 0.5576923076923077 0.1466346153846154 0.017127403846153848 0.016826923076923076