0 0.3137019230769231 0.7536057692307693 0.04807692307692308 0.059495192307692304
0 0.734375 0.6213942307692307 0.02674278846153846 0.05979567307692308
0 0.5769230769230769 0.49038461538461536 0.03064903846153846 0.031850961538461536
2 0.9783653846153846 0.6838942307692307 0.04176682692307692 0.04176682692307692
2 0.33653846153846156 0.9519230769230769 0.02403846153846154 0.02403846153846154
2 0.10576923076923077 0.49399038461538464 0.02403846153846154 0.05498798076923077
2 0.3485576923076923 0.25 0.03064903846153846 0.03125
2 0.2932692307692308 0.21033653846153846 0.018629807692307692 0.017728365384615384
2 0.039663461538461536 0.15745192307692307 0.01532451923076923 0.015625
2 0.056490384615384616 0.15504807692307693 0.015625 0.015625
2 0.5697115384615384 0.15985576923076922 0.010216346153846154 0.016826923076923076