0 0.3125 0.7944711538461539 0.05228365384615385 0.05198317307692308
0 0.7439903846153846 0.6574519230769231 0.04537259615384615 0.04567307692307692
0 0.5829326923076923 0.5192307692307693 0.03485576923076923 0.034555288461538464
2 0.33653846153846156 0.9915865384615384 0.014723557692307692 0.016826923076923076
2 0.984375 0.7199519230769231 0.027043269230769232 0.03545673076923077
2 0.09975961538461539 0.5192307692307693 0.04417067307692308 0.04447115384615385
2 0.34975961538461536 0.26802884615384615 0.026141826923076924 0.02674278846153846
2 0.2956730769230769 0.22956730769230768 0.018329326923076924 0.017728365384615384
2 0.039663461538461536 0.16947115384615385 0.01141826923076923 0.019230769230769232
2 0.056490384615384616 0.1658653846153846 0.016526442307692308 0.019230769230769232
2 0.5745192307692307 0.17548076923076922 0.01622596153846154 0.016826923076923076