0 0.3245192307692308 0.9495192307692307 0.052884615384615384 0.061899038461538464
0 0.8088942307692307 0.8401442307692307 0.052884615384615384 0.052884615384615384
0 0.6358173076923077 0.6514423076923077 0.04146634615384615 0.042067307692307696
2 0.12379807692307693 0.6033653846153846 0.043870192307692304 0.04326923076923077
2 0.4026442307692308 0.3401442307692308 0.03064903846153846 0.03125
2 0.3485576923076923 0.2920673076923077 0.024639423076923076 0.025540865384615384
2 0.19951923076923078 0.3088942307692308 0.020432692307692308 0.020733173076923076
2 0.008413461538461538 0.29447115384615385 0.016826923076923076 0.016826923076923076
2 0.08653846153846154 0.203125 0.010216346153846154 0.019230769230769232
2 0.1045673076923077 0.203125 0.017427884615384616 0.018028846153846152
2 0.6466346153846154 0.25 0.015625 0.015625
2 0.4098557692307692 0.11177884615384616 0.01622596153846154 0.019230769230769232
2 0.34975961538461536 0.09134615384615384 0.015024038461538462 0.014423076923076924
2 0.021634615384615384 0.2704326923076923 0.015925480769230768 0.015625