0 0.8425480769230769 0.9399038461538461 0.056490384615384616 0.056790865384615384
0 0.6622596153846154 0.7223557692307693 0.043870192307692304 0.043870192307692304
2 0.13942307692307693 0.6310096153846154 0.019230769230769232 0.03365384615384615
2 0.4254807692307692 0.3762019230769231 0.028545673076923076 0.02674278846153846
2 0.3713942307692308 0.31971153846153844 0.01171875 0.028545673076923076
2 0.22115384615384615 0.33413461538461536 0.009915865384615384 0.019230769230769232
2 0.027644230769230768 0.3112980769230769 0.017728365384615384 0.018028846153846152
2 0.04326923076923077 0.28725961538461536 0.013521634615384616 0.013221153846153846
2 0.109375 0.21875 0.01532451923076923 0.01622596153846154
2 0.12860576923076922 0.21995192307692307 0.016526442307692308 0.019230769230769232
2 0.6826923076923077 0.2932692307692308 0.015024038461538462 0.014723557692307692
2 0.8713942307692307 0.41225961538461536 0.016526442307692308 0.021334134615384616