0 0.7379807692307693 0.9783653846153846 0.04326923076923077 0.04326923076923077
2 0.15625 0.7908653846153846 0.034254807692307696 0.0859375
2 0.4963942307692308 0.5048076923076923 0.03545673076923077 0.030048076923076924
2 0.44350961538461536 0.43149038461538464 0.016526442307692308 0.03365384615384615
2 0.08774038461538461 0.3713942307692308 0.016526442307692308 0.019230769230769232
2 0.1045673076923077 0.3485576923076923 0.015625 0.015625
2 0.2824519230769231 0.4326923076923077 0.015625 0.015625
2 0.18028846153846154 0.2800480769230769 0.014423076923076924 0.014423076923076924
2 0.1971153846153846 0.2776442307692308 0.017427884615384616 0.016826923076923076
2 0.7908653846153846 0.4411057692307692 0.018329326923076924 0.017728365384615384
2 0.019230769230769232 0.2620192307692308 0.03786057692307692 0.033052884615384616