2 0.1622596153846154 0.9483173076923077 0.04807692307692308 0.09915865384615384
2 0.8858173076923077 0.6081730769230769 0.01201923076923077 0.01953125
2 0.5516826923076923 0.6466346153846154 0.03515625 0.034254807692307696
2 0.49759615384615385 0.5504807692307693 0.024639423076923076 0.024338942307692308
2 0.3245192307692308 0.5348557692307693 0.013221153846153846 0.013221153846153846
2 0.12620192307692307 0.44471153846153844 0.014423076923076924 0.019230769230769232
2 0.14423076923076922 0.41947115384615385 0.012319711538461538 0.01201923076923077
2 0.05048076923076923 0.3016826923076923 0.06310096153846154 0.0634014423076923
2 0.23076923076923078 0.3485576923076923 0.01201923076923077 0.01201923076923077
2 0.24879807692307693 0.35216346153846156 0.015625 0.015625
2 0.6129807692307693 0.31490384615384615 0.014723557692307692 0.015024038461538462