0 0.5769230769230769 0.8341346153846154 0.041165865384615384 0.04146634615384615
0 0.6875 0.38822115384615385 0.019831730769230768 0.04056490384615385
0 0.5925480769230769 0.15625 0.016826923076923076 0.01953125
0 0.8305288461538461 0.008413461538461538 0.021634615384615384 0.016826923076923076
2 0.9723557692307693 0.6274038461538461 0.015625 0.01622596153846154
2 0.6358173076923077 0.40625 0.02674278846153846 0.04296875
2 0.3401442307692308 0.7043269230769231 0.044771634615384616 0.044771634615384616
2 0.20432692307692307 0.5973557692307693 0.018329326923076924 0.017728365384615384
2 0.078125 0.09735576923076923 0.027644230769230768 0.027644230769230768
2 0.0829326923076923 0.2247596153846154 0.01893028846153846 0.01893028846153846
2 0.11778846153846154 0.24519230769230768 0.014423076923076924 0.052584134615384616