0 0.5769230769230769 0.8341346153846154 0.041165865384615384 0.04146634615384615
0 0.6875 0.38822115384615385 0.020432692307692308 0.04026442307692308
0 0.5925480769230769 0.15625 0.018028846153846152 0.018629807692307692
0 0.8317307692307693 0.008413461538461538 0.028545673076923076 0.01201923076923077
2 0.9723557692307693 0.6274038461538461 0.015625 0.015925480769230768
2 0.6358173076923077 0.40625 0.027043269230769232 0.04266826923076923
2 0.3401442307692308 0.7043269230769231 0.03155048076923077 0.057992788461538464
2 0.20432692307692307 0.5973557692307693 0.014723557692307692 0.021334134615384616
2 0.078125 0.09735576923076923 0.027644230769230768 0.027644230769230768
2 0.0829326923076923 0.2247596153846154 0.01893028846153846 0.01893028846153846
2 0.11778846153846154 0.24519230769230768 0.014423076923076924 0.052584134615384616