0 0.578125 0.8353365384615384 0.042067307692307696 0.042367788461538464
0 0.6875 0.38822115384615385 0.03125 0.029447115384615384
0 0.5949519230769231 0.15625 0.016826923076923076 0.01953125
0 0.8305288461538461 0.008413461538461538 0.021634615384615384 0.016826923076923076
2 0.9747596153846154 0.6286057692307693 0.016826923076923076 0.022235576923076924
2 0.6346153846153846 0.40865384615384615 0.0390625 0.0390625
2 0.3401442307692308 0.7019230769230769 0.04927884615384615 0.04927884615384615
2 0.20552884615384615 0.5973557692307693 0.019230769230769232 0.01953125
2 0.07692307692307693 0.09615384615384616 0.024338942307692308 0.03365384615384615
2 0.08413461538461539 0.2247596153846154 0.015024038461538462 0.026141826923076924
2 0.11778846153846154 0.24278846153846154 0.014423076923076924 0.052584134615384616