0 0.5805288461538461 0.8365384615384616 0.04417067307692308 0.043870192307692304
0 0.6875 0.38822115384615385 0.03064903846153846 0.029747596153846152
0 0.5925480769230769 0.15625 0.018028846153846152 0.018329326923076924
0 0.8317307692307693 0.008413461538461538 0.028545673076923076 0.01201923076923077
2 0.9747596153846154 0.6286057692307693 0.016826923076923076 0.021935096153846152
2 0.6346153846153846 0.40865384615384615 0.029447115384615384 0.048677884615384616
2 0.3401442307692308 0.7019230769230769 0.036057692307692304 0.0625
2 0.20552884615384615 0.5973557692307693 0.016826923076923076 0.021935096153846152
2 0.07692307692307693 0.09615384615384616 0.029146634615384616 0.028846153846153848
2 0.08413461538461539 0.2247596153846154 0.021634615384615384 0.019831730769230768
2 0.11778846153846154 0.24278846153846154 0.014423076923076924 0.05228365384615385