0 0.578125 0.8353365384615384 0.042067307692307696 0.042367788461538464
0 0.6875 0.38822115384615385 0.03064903846153846 0.029747596153846152
0 0.5949519230769231 0.15625 0.018028846153846152 0.018629807692307692
0 0.8305288461538461 0.008413461538461538 0.021634615384615384 0.016826923076923076
2 0.9747596153846154 0.6286057692307693 0.016826923076923076 0.021935096153846152
2 0.6346153846153846 0.40865384615384615 0.030048076923076924 0.04927884615384615
2 0.3401442307692308 0.7019230769230769 0.04927884615384615 0.04927884615384615
2 0.20552884615384615 0.5973557692307693 0.016826923076923076 0.021935096153846152
2 0.07692307692307693 0.09615384615384616 0.029146634615384616 0.028846153846153848
2 0.08413461538461539 0.2247596153846154 0.021634615384615384 0.019831730769230768
2 0.11778846153846154 0.24278846153846154 0.03365384615384615 0.033353365384615384