0 0.6394230769230769 0.9783653846153846 0.048677884615384616 0.03876201923076923
0 0.30649038461538464 0.5108173076923077 0.040865384615384616 0.028846153846153848
0 0.7451923076923077 0.15625 0.014723557692307692 0.024338942307692308
0 0.6045673076923077 0.01201923076923077 0.020432692307692308 0.020432692307692308
2 0.3112980769230769 0.42908653846153844 0.036057692307692304 0.0703125
2 0.3485576923076923 0.15625 0.07211538461538461 0.07211538461538461
2 0.765625 0.21875 0.05438701923076923 0.05438701923076923
2 0.8377403846153846 0.31009615384615385 0.01201923076923077 0.024338942307692308
2 0.8966346153846154 0.27524038461538464 0.02283653846153846 0.022536057692307692
2 0.3173076923076923 0.3762019230769231 0.014723557692307692 0.019230769230769232
2 0.3401442307692308 0.359375 0.016826923076923076 0.02674278846153846