0 0.24519230769230768 0.8125 0.048677884615384616 0.047475961538461536
0 0.7620192307692307 0.3088942307692308 0.019230769230769232 0.03125
0 0.5997596153846154 0.12139423076923077 0.02403846153846154 0.03125
2 0.25240384615384615 0.6971153846153846 0.04296875 0.10576923076923077
2 0.3088942307692308 0.31971153846153844 0.08924278846153846 0.08623798076923077
2 0.7932692307692307 0.3954326923076923 0.07271634615384616 0.08353365384615384
2 0.6742788461538461 0.35336538461538464 0.016826923076923076 0.016826923076923076
2 0.9495192307692307 0.4723557692307692 0.030348557692307692 0.030048076923076924
2 0.8245192307692307 0.3161057692307692 0.014423076923076924 0.021033653846153848
2 0.2620192307692308 0.6225961538461539 0.017127403846153848 0.017127403846153848
2 0.29086538461538464 0.5973557692307693 0.0234375 0.04326923076923077