0 0.22355769230769232 0.90625 0.05228365384615385 0.043870192307692304
0 0.7644230769230769 0.35336538461538464 0.02403846153846154 0.02283653846153846
0 0.5973557692307693 0.15384615384615385 0.026141826923076924 0.028846153846153848
2 0.23317307692307693 0.7800480769230769 0.09194711538461539 0.09194711538461539
2 0.29447115384615385 0.36177884615384615 0.09344951923076923 0.09825721153846154
2 0.8028846153846154 0.43990384615384615 0.07992788461538461 0.07992788461538461
2 0.8834134615384616 0.5709134615384616 0.019831730769230768 0.020432692307692308
2 0.9591346153846154 0.5252403846153846 0.034254807692307696 0.03515625
2 0.6754807692307693 0.39783653846153844 0.020733173076923076 0.02013221153846154
2 0.828125 0.3557692307692308 0.019831730769230768 0.021033653846153848
2 0.24639423076923078 0.6923076923076923 0.02403846153846154 0.024639423076923076
2 0.2764423076923077 0.6634615384615384 0.03545673076923077 0.036057692307692304