0 0.6574519230769231 0.4651442307692308 0.02283653846153846 0.02283653846153846
0 0.4519230769230769 0.25841346153846156 0.02403846153846154 0.028846153846153848
2 0.13581730769230768 0.9795673076923077 0.021634615384615384 0.040865384615384616
2 0.1310096153846154 0.5817307692307693 0.10366586538461539 0.12049278846153846
2 0.8341346153846154 0.5625 0.015625 0.028846153846153848
2 0.8786057692307693 0.6298076923076923 0.032151442307692304 0.033052884615384616
2 0.9807692307692307 0.6995192307692307 0.03395432692307692 0.03365384615384615
2 0.7091346153846154 0.5600961538461539 0.06760817307692307 0.11568509615384616
2 0.7223557692307693 0.4567307692307692 0.019230769230769232 0.024338942307692308
2 0.8112980769230769 0.703125 0.014423076923076924 0.03125
2 0.08653846153846154 0.014423076923076924 0.029146634615384616 0.024338942307692308
2 0.24639423076923078 0.040865384615384616 0.014423076923076924 0.023737980769230768
2 0.8858173076923077 0.37259615384615385 0.045973557692307696 0.038161057692307696