0 0.6935096153846154 0.5396634615384616 0.025240384615384616 0.025240384615384616
0 0.4855769230769231 0.30408653846153844 0.02403846153846154 0.028846153846153848
2 0.140625 0.6430288461538461 0.12620192307692307 0.12620192307692307
2 0.5985576923076923 0.6141826923076923 0.018329326923076924 0.017728365384615384
2 0.12139423076923077 0.9891826923076923 0.018028846153846152 0.017728365384615384
2 0.5108173076923077 0.8834134615384616 0.016526442307692308 0.03365384615384615
2 0.8149038461538461 0.7932692307692307 0.015625 0.028245192307692308
2 0.8533653846153846 0.8125 0.014423076923076924 0.03365384615384615
2 0.8798076923076923 0.6634615384615384 0.02403846153846154 0.024639423076923076
2 0.9302884615384616 0.7391826923076923 0.039663461538461536 0.039963942307692304
2 0.9831730769230769 0.765625 0.013822115384615384 0.035757211538461536
2 0.7403846153846154 0.6610576923076923 0.08203125 0.08203125
2 0.7644230769230769 0.5348557692307693 0.018329326923076924 0.018329326923076924
2 0.9350961538461539 0.45072115384615385 0.04807692307692308 0.04026442307692308
2 0.12139423076923077 0.027644230769230768 0.027644230769230768 0.027644230769230768