0 0.6935096153846154 0.5396634615384616 0.025240384615384616 0.025240384615384616
0 0.4855769230769231 0.30408653846153844 0.026442307692307692 0.026442307692307692
2 0.140625 0.6430288461538461 0.11298076923076923 0.13942307692307693
2 0.5985576923076923 0.6141826923076923 0.018629807692307692 0.017427884615384616
2 0.12139423076923077 0.9891826923076923 0.018028846153846152 0.017728365384615384
2 0.5108173076923077 0.8834134615384616 0.024939903846153848 0.025240384615384616
2 0.8149038461538461 0.7932692307692307 0.015024038461538462 0.028545673076923076
2 0.8533653846153846 0.8125 0.02403846153846154 0.02403846153846154
2 0.8798076923076923 0.6634615384615384 0.019230769230769232 0.029447115384615384
2 0.9302884615384616 0.7391826923076923 0.038461538461538464 0.04146634615384615
2 0.9831730769230769 0.765625 0.02403846153846154 0.024639423076923076
2 0.7403846153846154 0.6610576923076923 0.08203125 0.08203125
2 0.7644230769230769 0.5348557692307693 0.014723557692307692 0.021935096153846152
2 0.9350961538461539 0.45072115384615385 0.04807692307692308 0.04056490384615385
2 0.12139423076923077 0.027644230769230768 0.02403846153846154 0.03125