1 0.5036057692307693 0.21514423076923078 0.018028846153846152 0.018028846153846152
1 0.39903846153846156 0.2620192307692308 0.19170673076923078 0.10576923076923077
2 0.1622596153846154 0.8798076923076923 0.22596153846153846 0.22566105769230768
2 0.1201923076923077 0.734375 0.015024038461538462 0.014423076923076924
2 0.1622596153846154 0.6286057692307693 0.030949519230769232 0.021334134615384616
2 0.34134615384615385 0.6081730769230769 0.018028846153846152 0.03365384615384615
2 0.4050480769230769 0.5949519230769231 0.027644230769230768 0.027043269230769232
2 0.6935096153846154 0.8930288461538461 0.04326923076923077 0.043569711538461536
2 0.9543269230769231 0.828125 0.0907451923076923 0.04026442307692308
2 0.5276442307692307 0.2668269230769231 0.07932692307692307 0.07271634615384616
2 0.625 0.3245192307692308 0.06520432692307693 0.06430288461538461
2 0.4362980769230769 0.09975961538461539 0.035757211538461536 0.036057692307692304
2 0.31850961538461536 0.10697115384615384 0.03125 0.03155048076923077
2 0.8004807692307693 0.34615384615384615 0.019230769230769232 0.024338942307692308
2 0.5060096153846154 0.8076923076923077 0.038461538461538464 0.09104567307692307
2 0.6033653846153846 0.5216346153846154 0.024639423076923076 0.18209134615384615
2 0.45913461538461536 0.019230769230769232 0.033353365384615384 0.03395432692307692
2 0.5504807692307693 0.10576923076923077 0.019230769230769232 0.20673076923076922