1 0.5036057692307693 0.21514423076923078 0.018028846153846152 0.018028846153846152
1 0.39783653846153844 0.25961538461538464 0.1853966346153846 0.10576923076923077
2 0.1622596153846154 0.8798076923076923 0.2403846153846154 0.21123798076923078
2 0.1201923076923077 0.734375 0.010216346153846154 0.019230769230769232
2 0.1622596153846154 0.6286057692307693 0.026141826923076924 0.026141826923076924
2 0.34134615384615385 0.6081730769230769 0.025240384615384616 0.026442307692307692
2 0.4050480769230769 0.5949519230769231 0.014423076923076924 0.04026442307692308
2 0.6935096153846154 0.8930288461538461 0.03125 0.055588942307692304
2 0.9543269230769231 0.828125 0.09104567307692307 0.04056490384615385
2 0.5276442307692307 0.2668269230769231 0.07572115384615384 0.07632211538461539
2 0.625 0.3245192307692308 0.06520432692307693 0.06430288461538461
2 0.4362980769230769 0.09975961538461539 0.021033653846153848 0.05048076923076923
2 0.31850961538461536 0.10697115384615384 0.036057692307692304 0.02674278846153846
2 0.8004807692307693 0.34615384615384615 0.019230769230769232 0.024338942307692308
2 0.5060096153846154 0.8076923076923077 0.038461538461538464 0.09104567307692307
2 0.6033653846153846 0.5216346153846154 0.10366586538461539 0.10306490384615384
2 0.45913461538461536 0.019230769230769232 0.033353365384615384 0.03395432692307692
2 0.5504807692307693 0.10576923076923077 0.11298076923076923 0.11298076923076923