1 0.5012019230769231 0.21514423076923078 0.019230769230769232 0.019230769230769232
1 0.40024038461538464 0.25841346153846156 0.14543269230769232 0.14603365384615385
2 0.1622596153846154 0.8870192307692307 0.2403846153846154 0.21123798076923078
2 0.1201923076923077 0.734375 0.010216346153846154 0.019230769230769232
2 0.1622596153846154 0.6286057692307693 0.026442307692307692 0.027043269230769232
2 0.3401442307692308 0.6069711538461539 0.03125 0.030949519230769232
2 0.40625 0.59375 0.029146634615384616 0.028545673076923076
2 0.6935096153846154 0.8942307692307693 0.03155048076923077 0.05739182692307692
2 0.9495192307692307 0.8317307692307693 0.09104567307692307 0.03876201923076923
2 0.5276442307692307 0.2668269230769231 0.07572115384615384 0.07632211538461539
2 0.6213942307692307 0.3269230769230769 0.06129807692307692 0.0625
2 0.4362980769230769 0.10096153846153846 0.030048076923076924 0.030048076923076924
2 0.31850961538461536 0.10697115384615384 0.036057692307692304 0.027043269230769232
2 0.8004807692307693 0.3473557692307692 0.018329326923076924 0.017728365384615384
2 0.5048076923076923 0.8125 0.06911057692307693 0.06911057692307693
2 0.6045673076923077 0.5276442307692307 0.10546875 0.10546875
2 0.4579326923076923 0.020432692307692308 0.03365384615384615 0.03395432692307692
2 0.5504807692307693 0.10576923076923077 0.11298076923076923 0.11328125