1 0.5012019230769231 0.21514423076923078 0.019230769230769232 0.019230769230769232
1 0.40024038461538464 0.25841346153846156 0.1875 0.10366586538461539
2 0.1622596153846154 0.8870192307692307 0.2403846153846154 0.21123798076923078
2 0.1201923076923077 0.734375 0.015024038461538462 0.014423076923076924
2 0.1622596153846154 0.6286057692307693 0.03125 0.021935096153846152
2 0.3401442307692308 0.6069711538461539 0.021634615384615384 0.04056490384615385
2 0.40625 0.59375 0.029447115384615384 0.028245192307692308
2 0.6935096153846154 0.8942307692307693 0.03155048076923077 0.05739182692307692
2 0.9495192307692307 0.8317307692307693 0.06460336538461539 0.06520432692307693
2 0.5276442307692307 0.2668269230769231 0.07932692307692307 0.0733173076923077
2 0.6213942307692307 0.3269230769230769 0.07451923076923077 0.048677884615384616
2 0.4362980769230769 0.10096153846153846 0.030048076923076924 0.030048076923076924
2 0.31850961538461536 0.10697115384615384 0.03125 0.031850961538461536
2 0.8004807692307693 0.3473557692307692 0.015024038461538462 0.021033653846153848
2 0.5048076923076923 0.8125 0.038161057692307696 0.1006610576923077
2 0.6045673076923077 0.5276442307692307 0.026141826923076924 0.18479567307692307
2 0.4579326923076923 0.020432692307692308 0.03125 0.03665865384615385
2 0.5504807692307693 0.10576923076923077 0.11298076923076923 0.11328125