1 0.5024038461538461 0.21514423076923078 0.017127403846153848 0.016826923076923076
1 0.39903846153846156 0.2620192307692308 0.14603365384615385 0.14603365384615385
2 0.1622596153846154 0.8942307692307693 0.2403846153846154 0.20733173076923078
2 0.11778846153846154 0.7463942307692307 0.021033653846153848 0.021033653846153848
2 0.1622596153846154 0.640625 0.01622596153846154 0.019230769230769232
2 0.3401442307692308 0.6189903846153846 0.019230769230769232 0.03635817307692308
2 0.4050480769230769 0.6033653846153846 0.014423076923076924 0.04326923076923077
2 0.6959134615384616 0.9134615384615384 0.043870192307692304 0.043870192307692304
2 0.9591346153846154 0.8473557692307693 0.07752403846153846 0.04146634615384615
2 0.8028846153846154 0.34975961538461536 0.018329326923076924 0.017728365384615384
2 0.5276442307692307 0.2692307692307692 0.08022836538461539 0.0811298076923077
2 0.6286057692307693 0.33413461538461536 0.07451923076923077 0.03876201923076923
2 0.31850961538461536 0.10817307692307693 0.036057692307692304 0.024639423076923076
2 0.4375 0.10697115384615384 0.019230769230769232 0.04326923076923077
2 0.5084134615384616 0.8269230769230769 0.06400240384615384 0.06370192307692307
2 0.46153846153846156 0.020432692307692308 0.029447115384615384 0.03635817307692308
2 0.5504807692307693 0.10697115384615384 0.0234375 0.20943509615384615
2 0.6045673076923077 0.5324519230769231 0.1063701923076923 0.10576923076923077