1 0.5060096153846154 0.22956730769230768 0.01893028846153846 0.019230769230769232
1 0.40024038461538464 0.27524038461538464 0.19020432692307693 0.10817307692307693
2 0.18028846153846154 0.9122596153846154 0.1971153846153846 0.17548076923076922
2 0.10817307692307693 0.7824519230769231 0.01953125 0.02674278846153846
2 0.15504807692307693 0.6658653846153846 0.021634615384615384 0.021634615384615384
2 0.33774038461538464 0.640625 0.019230769230769232 0.04326923076923077
2 0.4026442307692308 0.6286057692307693 0.029747596153846152 0.030048076923076924
2 0.703125 0.9591346153846154 0.0546875 0.0546875
2 0.9567307692307693 0.8786057692307693 0.0546875 0.05348557692307692
2 0.8088942307692307 0.36899038461538464 0.016526442307692308 0.026141826923076924
2 0.5264423076923077 0.2824519230769231 0.08173076923076923 0.08173076923076923
2 0.6370192307692307 0.3557692307692308 0.0673076923076923 0.06790865384615384
2 0.31490384615384615 0.11658653846153846 0.034254807692307696 0.026141826923076924
2 0.4375 0.11298076923076923 0.019230769230769232 0.05228365384615385
2 0.5084134615384616 0.8629807692307693 0.06640625 0.06580528846153846
2 0.5528846153846154 0.10817307692307693 0.11658653846153846 0.11598557692307693
2 0.46153846153846156 0.019230769230769232 0.03786057692307692 0.03395432692307692
2 0.6081730769230769 0.5564903846153846 0.10727163461538461 0.10727163461538461