1 0.5060096153846154 0.22956730769230768 0.021334134615384616 0.016826923076923076
1 0.40024038461538464 0.27524038461538464 0.14933894230769232 0.14903846153846154
2 0.18028846153846154 0.9122596153846154 0.1971153846153846 0.17548076923076922
2 0.10817307692307693 0.7824519230769231 0.023137019230769232 0.023137019230769232
2 0.15504807692307693 0.6658653846153846 0.021634615384615384 0.021634615384615384
2 0.33774038461538464 0.640625 0.019230769230769232 0.04326923076923077
2 0.4026442307692308 0.6286057692307693 0.016526442307692308 0.04326923076923077
2 0.703125 0.9591346153846154 0.05438701923076923 0.05438701923076923
2 0.9567307692307693 0.8786057692307693 0.05438701923076923 0.053786057692307696
2 0.8088942307692307 0.36899038461538464 0.016526442307692308 0.026141826923076924
2 0.5264423076923077 0.2824519230769231 0.08173076923076923 0.08173076923076923
2 0.6370192307692307 0.3557692307692308 0.08653846153846154 0.048677884615384616
2 0.31490384615384615 0.11658653846153846 0.03485576923076923 0.025841346153846152
2 0.4375 0.11298076923076923 0.036057692307692304 0.03545673076923077
2 0.5084134615384616 0.8629807692307693 0.06670673076923077 0.0655048076923077
2 0.5528846153846154 0.10817307692307693 0.019831730769230768 0.21183894230769232
2 0.46153846153846156 0.019230769230769232 0.03786057692307692 0.03395432692307692
2 0.6081730769230769 0.5564903846153846 0.10727163461538461 0.10727163461538461