1 0.5036057692307693 0.24759615384615385 0.019230769230769232 0.015625
1 0.39663461538461536 0.296875 0.1971153846153846 0.11328125
2 0.21153846153846154 0.9411057692307693 0.11658653846153846 0.11598557692307693
2 0.3317307692307692 0.6875 0.03125 0.030949519230769232
2 0.40024038461538464 0.6742788461538461 0.027644230769230768 0.027644230769230768
2 0.6802884615384616 0.9723557692307693 0.038461538461538464 0.05078125
2 0.8185096153846154 0.3954326923076923 0.020432692307692308 0.02013221153846154
2 0.3088942307692308 0.12860576923076922 0.035757211538461536 0.02674278846153846
2 0.4338942307692308 0.12860576923076922 0.016526442307692308 0.04567307692307692
2 0.39663461538461536 0.008413461538461538 0.014723557692307692 0.01201923076923077
2 0.5276442307692307 0.30288461538461536 0.08413461538461539 0.09104567307692307
2 0.6213942307692307 0.37259615384615385 0.04807692307692308 0.03786057692307692
2 0.5072115384615384 0.921875 0.03395432692307692 0.11057692307692307
2 0.5552884615384616 0.12259615384615384 0.02403846153846154 0.24068509615384615
2 0.4723557692307692 0.026442307692307692 0.05048076923076923 0.05048076923076923
2 0.6105769230769231 0.5925480769230769 0.1219951923076923 0.1219951923076923