1 0.5036057692307693 0.24759615384615385 0.019230769230769232 0.015024038461538462
1 0.39663461538461536 0.296875 0.15504807692307693 0.15534855769230768
2 0.21153846153846154 0.9411057692307693 0.11658653846153846 0.1162860576923077
2 0.3317307692307692 0.6875 0.03125 0.030949519230769232
2 0.40024038461538464 0.6742788461538461 0.01201923076923077 0.04326923076923077
2 0.6802884615384616 0.9723557692307693 0.04447115384615385 0.044771634615384616
2 0.8185096153846154 0.3954326923076923 0.014423076923076924 0.026141826923076924
2 0.3088942307692308 0.12860576923076922 0.030949519230769232 0.03155048076923077
2 0.4338942307692308 0.12860576923076922 0.03064903846153846 0.03125
2 0.39663461538461536 0.008413461538461538 0.014723557692307692 0.01201923076923077
2 0.5276442307692307 0.30288461538461536 0.08774038461538461 0.08743990384615384
2 0.6213942307692307 0.37259615384615385 0.04807692307692308 0.03786057692307692
2 0.5072115384615384 0.921875 0.07241586538461539 0.07211538461538461
2 0.5552884615384616 0.12259615384615384 0.13221153846153846 0.1328125
2 0.4723557692307692 0.026442307692307692 0.052884615384615384 0.04807692307692308
2 0.6105769230769231 0.5925480769230769 0.029447115384615384 0.21454326923076922