1 0.5084134615384616 0.2692307692307692 0.021334134615384616 0.018629807692307692
1 0.39903846153846156 0.31971153846153844 0.20222355769230768 0.11508413461538461
2 0.23076923076923078 0.96875 0.057992788461538464 0.0625
2 0.5132211538461539 0.9579326923076923 0.05739182692307692 0.05739182692307692
2 0.3293269230769231 0.7283653846153846 0.03125 0.03125
2 0.40024038461538464 0.7139423076923077 0.03245192307692308 0.031850961538461536
2 0.8293269230769231 0.4254807692307692 0.014723557692307692 0.028545673076923076
2 0.5300480769230769 0.3293269230769231 0.08052884615384616 0.08082932692307693
2 0.6310096153846154 0.40384615384615385 0.052884615384615384 0.052584134615384616
2 0.3137019230769231 0.14543269230769232 0.032151442307692304 0.03245192307692308
2 0.43990384615384615 0.14423076923076922 0.015625 0.04807692307692308
2 0.40024038461538464 0.019230769230769232 0.016526442307692308 0.019230769230769232
2 0.8305288461538461 0.020432692307692308 0.038461538461538464 0.03635817307692308
2 0.39663461538461536 0.040865384615384616 0.013822115384615384 0.019230769230769232
2 0.38100961538461536 0.015625 0.016826923076923076 0.016826923076923076
2 0.6165865384615384 0.6346153846153846 0.12379807692307693 0.1240985576923077
2 0.5612980769230769 0.13581730769230768 0.14423076923076922 0.14423076923076922
2 0.47596153846153844 0.038461538461538464 0.057692307692307696 0.05829326923076923