1 0.5048076923076923 0.36658653846153844 0.019831730769230768 0.016826923076923076
1 0.38221153846153844 0.42427884615384615 0.17638221153846154 0.17638221153846154
2 0.30528846153846156 0.9302884615384616 0.029146634615384616 0.028846153846153848
2 0.38100961538461536 0.9038461538461539 0.037259615384615384 0.037259615384615384
2 0.5300480769230769 0.4375 0.09735576923076923 0.09705528846153846
2 0.6382211538461539 0.5240384615384616 0.06460336538461539 0.04807692307692308
2 0.2956730769230769 0.22355769230769232 0.038161057692307696 0.033052884615384616
2 0.43028846153846156 0.21875 0.034254807692307696 0.03395432692307692
2 0.36778846153846156 0.07692307692307693 0.016826923076923076 0.015625
2 0.38461538461538464 0.10576923076923077 0.012620192307692308 0.01201923076923077
2 0.390625 0.07932692307692307 0.015625 0.015925480769230768
2 0.4182692307692308 0.04447115384615385 0.01201923076923077 0.01201923076923077
2 0.8497596153846154 0.07451923076923077 0.052884615384615384 0.0625
2 0.625 0.8112980769230769 0.14963942307692307 0.14903846153846154
2 0.5576923076923077 0.21754807692307693 0.019831730769230768 0.2932692307692308
2 0.4723557692307692 0.09615384615384616 0.055288461538461536 0.0625