1 0.5048076923076923 0.36658653846153844 0.019230769230769232 0.018028846153846152
1 0.38221153846153844 0.42427884615384615 0.21574519230769232 0.13641826923076922
2 0.30528846153846156 0.9302884615384616 0.015024038461538462 0.04326923076923077
2 0.38100961538461536 0.9038461538461539 0.037259615384615384 0.037259615384615384
2 0.5300480769230769 0.4375 0.0889423076923077 0.10546875
2 0.6382211538461539 0.5240384615384616 0.06460336538461539 0.04807692307692308
2 0.2956730769230769 0.22355769230769232 0.038161057692307696 0.033052884615384616
2 0.43028846153846156 0.21875 0.034254807692307696 0.03395432692307692
2 0.36778846153846156 0.07692307692307693 0.016826923076923076 0.01622596153846154
2 0.38461538461538464 0.10576923076923077 0.009915865384615384 0.014423076923076924
2 0.390625 0.07932692307692307 0.01201923076923077 0.01953125
2 0.4182692307692308 0.04447115384615385 0.009615384615384616 0.014423076923076924
2 0.8497596153846154 0.07451923076923077 0.052884615384615384 0.0625
2 0.625 0.8112980769230769 0.029447115384615384 0.2692307692307692
2 0.5576923076923077 0.21754807692307693 0.019831730769230768 0.2932692307692308
2 0.4723557692307692 0.09615384615384616 0.05889423076923077 0.05889423076923077