1 0.5673076923076923 0.5276442307692307 0.02734375 0.02734375
1 0.42788461538461536 0.5865384615384616 0.24519230769230768 0.15324519230769232
2 0.5973557692307693 0.6213942307692307 0.11057692307692307 0.15625
2 0.7295673076923077 0.7608173076923077 0.10006009615384616 0.09975961538461539
2 0.3473557692307692 0.3269230769230769 0.036057692307692304 0.03365384615384615
2 0.43509615384615385 0.15865384615384615 0.01953125 0.01953125
2 0.46153846153846156 0.16346153846153846 0.019831730769230768 0.019230769230769232
2 0.38461538461538464 0.12379807692307693 0.017427884615384616 0.016826923076923076
2 0.96875 0.19831730769230768 0.0625 0.07932692307692307
2 0.8473557692307693 0.013221153846153846 0.02403846153846154 0.024338942307692308
2 0.5432692307692307 0.19591346153846154 0.0673076923076923 0.07001201923076923