1 0.5673076923076923 0.5276442307692307 0.028545673076923076 0.026141826923076924
1 0.42788461538461536 0.5865384615384616 0.19951923076923078 0.19921875
2 0.5973557692307693 0.6213942307692307 0.13341346153846154 0.13341346153846154
2 0.7295673076923077 0.7608173076923077 0.10877403846153846 0.09134615384615384
2 0.3473557692307692 0.3269230769230769 0.03485576923076923 0.03485576923076923
2 0.43509615384615385 0.15865384615384615 0.01953125 0.01953125
2 0.46153846153846156 0.16346153846153846 0.01953125 0.019230769230769232
2 0.38461538461538464 0.12379807692307693 0.018028846153846152 0.016826923076923076
2 0.9663461538461539 0.1971153846153846 0.0673076923076923 0.07211538461538461
2 0.8473557692307693 0.013221153846153846 0.02403846153846154 0.024338942307692308
2 0.5432692307692307 0.19591346153846154 0.0673076923076923 0.07001201923076923