1 0.6033653846153846 0.6009615384615384 0.026442307692307692 0.026141826923076924
1 0.45552884615384615 0.6574519230769231 0.25721153846153844 0.16556490384615385
2 0.6286057692307693 0.7055288461538461 0.10336538461538461 0.16826923076923078
2 0.7512019230769231 0.8605769230769231 0.0790264423076923 0.0868389423076923
2 0.38100961538461536 0.36658653846153844 0.036057692307692304 0.041165865384615384
2 0.5348557692307693 0.3918269230769231 0.04417067307692308 0.04417067307692308
2 0.5096153846153846 0.19110576923076922 0.019230769230769232 0.021033653846153848
2 0.4987980769230769 0.22596153846153846 0.020432692307692308 0.02013221153846154
2 0.4831730769230769 0.18629807692307693 0.018028846153846152 0.018329326923076924
2 0.9314903846153846 0.05889423076923077 0.030949519230769232 0.07451923076923077
2 0.5564903846153846 0.07091346153846154 0.02283653846153846 0.022235576923076924
2 0.5961538461538461 0.23197115384615385 0.07481971153846154 0.07451923076923077