1 0.609375 0.7271634615384616 0.026141826923076924 0.028846153846153848
1 0.4495192307692308 0.7920673076923077 0.234375 0.23467548076923078
2 0.6394230769230769 0.8557692307692307 0.11057692307692307 0.1875
2 0.3737980769230769 0.4567307692307692 0.03665865384615385 0.03786057692307692
2 0.5360576923076923 0.48197115384615385 0.019230769230769232 0.07692307692307693
2 0.5072115384615384 0.265625 0.017427884615384616 0.018329326923076924
2 0.4963942307692308 0.296875 0.01171875 0.02674278846153846
2 0.4831730769230769 0.25721153846153844 0.015024038461538462 0.0234375
2 0.5564903846153846 0.12740384615384615 0.016826923076923076 0.017127403846153848
2 0.5456730769230769 0.22115384615384615 0.01622596153846154 0.017127403846153848
2 0.5625 0.23317307692307693 0.014423076923076924 0.014723557692307692
2 0.7199519230769231 0.33653846153846156 0.019230769230769232 0.01893028846153846
2 0.9483173076923077 0.11298076923076923 0.05438701923076923 0.05438701923076923
2 0.5997596153846154 0.30288461538461536 0.08173076923076923 0.08143028846153846
1 0.6153846153846154 0.7692307692307693 0.02674278846153846 0.02674278846153846