1 0.6081730769230769 0.7620192307692307 0.024639423076923076 0.03365384615384615
1 0.44350961538461536 0.8353365384615384 0.28575721153846156 0.20432692307692307
2 0.640625 0.9002403846153846 0.15865384615384615 0.15865384615384615
2 0.3605769230769231 0.4807692307692308 0.03395432692307692 0.033353365384615384
2 0.5300480769230769 0.5072115384615384 0.019230769230769232 0.08173076923076923
2 0.47475961538461536 0.2776442307692308 0.016526442307692308 0.021334134615384616
2 0.5012019230769231 0.2824519230769231 0.01201923076923077 0.021935096153846152
2 0.49038461538461536 0.3161057692307692 0.009915865384615384 0.021334134615384616
2 0.7175480769230769 0.3557692307692308 0.018028846153846152 0.017427884615384616
2 0.5384615384615384 0.23798076923076922 0.015024038461538462 0.014723557692307692
2 0.5576923076923077 0.2536057692307692 0.01201923076923077 0.01201923076923077
2 0.5516826923076923 0.14423076923076922 0.01201923076923077 0.018629807692307692
2 0.9471153846153846 0.12620192307692307 0.028545673076923076 0.08173076923076923
2 0.5997596153846154 0.32091346153846156 0.07181490384615384 0.07211538461538461
1 0.6129807692307693 0.8076923076923077 0.028545673076923076 0.03395432692307692