1 0.6057692307692307 0.8701923076923077 0.04056490384615385 0.040865384615384616
1 0.43149038461538464 0.9182692307692307 0.3004807692307692 0.16286057692307693
2 0.6033653846153846 0.9567307692307693 0.04296875 0.08623798076923077
2 0.3401442307692308 0.5516826923076923 0.03155048076923077 0.03635817307692308
2 0.5180288461538461 0.5745192307692307 0.016826923076923076 0.10126201923076923
2 0.45913461538461536 0.3245192307692308 0.019831730769230768 0.01953125
2 0.4879807692307692 0.3317307692307692 0.018028846153846152 0.018629807692307692
2 0.5264423076923077 0.2800480769230769 0.013822115384615384 0.019230769230769232
2 0.5372596153846154 0.18028846153846154 0.01201923076923077 0.019230769230769232
2 0.9435096153846154 0.15264423076923078 0.03155048076923077 0.09134615384615384
2 0.7139423076923077 0.4098557692307692 0.017127403846153848 0.016826923076923076
2 0.5841346153846154 0.3786057692307692 0.08323317307692307 0.08323317307692307
1 0.6057692307692307 0.9170673076923077 0.031850961538461536 0.03125