1 0.5973557692307693 0.9254807692307693 0.039663461538461536 0.039663461538461536
1 0.4423076923076923 0.9254807692307693 0.1875 0.14903846153846154
2 0.31850961538461536 0.6033653846153846 0.039663461538461536 0.039663461538461536
2 0.5036057692307693 0.6262019230769231 0.021634615384615384 0.08924278846153846
2 0.4675480769230769 0.36177884615384615 0.018028846153846152 0.018028846153846152
2 0.6983173076923077 0.4338942307692308 0.015625 0.015625
2 0.5060096153846154 0.30649038461538464 0.021334134615384616 0.021334134615384616
2 0.5252403846153846 0.32572115384615385 0.016526442307692308 0.021935096153846152
2 0.515625 0.19951923076923078 0.021634615384615384 0.021935096153846152
2 0.9302884615384616 0.16706730769230768 0.061899038461538464 0.0625
2 0.5709134615384616 0.40625 0.08022836538461539 0.08082932692307693
1 0.5949519230769231 0.9783653846153846 0.039663461538461536 0.039663461538461536