1 0.5973557692307693 0.9254807692307693 0.03125 0.04807692307692308
1 0.44350961538461536 0.9447115384615384 0.2620192307692308 0.11057692307692307
2 0.31850961538461536 0.6033653846153846 0.036057692307692304 0.04326923076923077
2 0.5036057692307693 0.6262019230769231 0.021634615384615384 0.08954326923076923
2 0.4675480769230769 0.36177884615384615 0.016826923076923076 0.019230769230769232
2 0.6983173076923077 0.4338942307692308 0.015625 0.015625
2 0.5060096153846154 0.30649038461538464 0.021033653846153848 0.021033653846153848
2 0.5252403846153846 0.32572115384615385 0.01893028846153846 0.01953125
2 0.515625 0.19951923076923078 0.021634615384615384 0.021935096153846152
2 0.9302884615384616 0.16706730769230768 0.033052884615384616 0.09134615384615384
2 0.5709134615384616 0.40625 0.07391826923076923 0.08713942307692307
1 0.5949519230769231 0.9783653846153846 0.036057692307692304 0.04326923076923077