1 0.5901442307692307 0.9819711538461539 0.030048076923076924 0.029747596153846152
1 0.49399038461538464 0.9807692307692307 0.03125 0.03064903846153846
2 0.2932692307692308 0.6598557692307693 0.03756009615384615 0.036959134615384616
2 0.4855769230769231 0.6754807692307693 0.05829326923076923 0.057692307692307696
2 0.41225961538461536 0.3954326923076923 0.01893028846153846 0.01893028846153846
2 0.44471153846153844 0.39903846153846156 0.019230769230769232 0.01893028846153846
2 0.4326923076923077 0.44471153846153844 0.021935096153846152 0.021334134615384616
2 0.48197115384615385 0.3401442307692308 0.020432692307692308 0.020733173076923076
2 0.5036057692307693 0.3581730769230769 0.01201923076923077 0.01953125
2 0.49158653846153844 0.23076923076923078 0.016826923076923076 0.017427884615384616
2 0.6814903846153846 0.4699519230769231 0.014423076923076924 0.021935096153846152
2 0.90625 0.1814903846153846 0.06310096153846154 0.0625
2 0.5516826923076923 0.4411057692307692 0.07211538461538461 0.09375
1 0.6730769230769231 0.7007211538461539 0.029447115384615384 0.3347355769230769