1 0.5564903846153846 0.07932692307692307 0.02674278846153846 0.08203125
1 0.5625 0.016826923076923076 0.03365384615384615 0.03365384615384615
1 0.59375 0.003605769230769231 0.014723557692307692 0.002704326923076923
2 0.22115384615384615 0.9783653846153846 0.038461538461538464 0.04326923076923077
2 0.4543269230769231 0.9591346153846154 0.019230769230769232 0.07692307692307693
2 0.49399038461538464 0.8209134615384616 0.021334134615384616 0.021334134615384616
2 0.3894230769230769 0.6754807692307693 0.010216346153846154 0.028846153846153848
2 0.36538461538461536 0.6105769230769231 0.019230769230769232 0.03365384615384615
2 0.4026442307692308 0.6153846153846154 0.020432692307692308 0.019831730769230768
2 0.4543269230769231 0.3870192307692308 0.018629807692307692 0.01953125
2 0.6814903846153846 0.6971153846153846 0.020432692307692308 0.02013221153846154
2 0.9146634615384616 0.3076923076923077 0.041165865384615384 0.10576923076923077
2 0.890625 0.052884615384615384 0.01201923076923077 0.019230769230769232
2 0.5216346153846154 0.6754807692307693 0.0868389423076923 0.14423076923076922
1 0.6754807692307693 0.7632211538461539 0.033353365384615384 0.47325721153846156