1 0.5564903846153846 0.1045673076923077 0.02674278846153846 0.08383413461538461
1 0.5649038461538461 0.027644230769230768 0.043870192307692304 0.05078125
1 0.6105769230769231 0.021634615384615384 0.047475961538461536 0.014423076923076924
2 0.39663461538461536 0.6730769230769231 0.021935096153846152 0.021634615384615384
2 0.38341346153846156 0.7355769230769231 0.022536057692307692 0.02283653846153846
2 0.49038461538461536 0.8930288461538461 0.014723557692307692 0.03125
2 0.6838942307692307 0.7608173076923077 0.019230769230769232 0.026141826923076924
2 0.9230769230769231 0.3389423076923077 0.08173076923076923 0.08143028846153846
2 0.359375 0.6622596153846154 0.016526442307692308 0.028846153846153848
2 0.8990384615384616 0.07451923076923077 0.015024038461538462 0.014723557692307692
1 0.6766826923076923 0.7752403846153846 0.24278846153846154 0.24278846153846154
2 0.5216346153846154 0.7367788461538461 0.12079326923076923 0.12169471153846154