1 0.5384615384615384 0.1201923076923077 0.060697115384615384 0.05979567307692308
1 0.5504807692307693 0.038461538461538464 0.04326923076923077 0.06670673076923077
1 0.5949519230769231 0.03365384615384615 0.04807692307692308 0.018028846153846152
2 0.3425480769230769 0.7067307692307693 0.02283653846153846 0.02283653846153846
2 0.38100961538461536 0.7163461538461539 0.022235576923076924 0.02283653846153846
2 0.36899038461538464 0.7824519230769231 0.016526442307692308 0.035757211538461536
2 0.4807692307692308 0.9447115384615384 0.019230769230769232 0.028545673076923076
2 0.6778846153846154 0.7980769230769231 0.021634615384615384 0.021935096153846152
2 0.9170673076923077 0.359375 0.08203125 0.08203125
2 0.8858173076923077 0.08533653846153846 0.014423076923076924 0.014423076923076924
2 0.5120192307692307 0.7680288461538461 0.12890625 0.12830528846153846
1 0.671875 0.7908653846153846 0.22956730769230768 0.22956730769230768