1 0.5216346153846154 0.13701923076923078 0.033353365384615384 0.09134615384615384
1 0.5276442307692307 0.04807692307692308 0.05048076923076923 0.06670673076923077
1 0.5793269230769231 0.04567307692307692 0.052584134615384616 0.013822115384615384
2 0.6742788461538461 0.8413461538461539 0.021334134615384616 0.028846153846153848
2 0.3293269230769231 0.7584134615384616 0.019831730769230768 0.028846153846153848
2 0.36778846153846156 0.765625 0.014423076923076924 0.035757211538461536
2 0.3557692307692308 0.8341346153846154 0.02403846153846154 0.024639423076923076
2 0.4206730769230769 0.49038461538461536 0.015024038461538462 0.028245192307692308
2 0.41586538461538464 0.6622596153846154 0.009615384615384616 0.026141826923076924
2 0.4411057692307692 0.6875 0.01171875 0.024338942307692308
2 0.9050480769230769 0.3737980769230769 0.04807692307692308 0.12259615384615384
2 0.8701923076923077 0.09495192307692307 0.010817307692307692 0.019230769230769232
1 0.6622596153846154 0.7908653846153846 0.04567307692307692 0.4182692307692308
2 0.5 0.8233173076923077 0.13040865384615385 0.13131009615384615
1 0.2283653846153846 0.7451923076923077 0.028545673076923076 0.08623798076923077