1 0.5216346153846154 0.13701923076923078 0.06219951923076923 0.0625
1 0.5276442307692307 0.04807692307692308 0.05889423076923077 0.05859375
1 0.5793269230769231 0.04567307692307692 0.033353365384615384 0.033052884615384616
2 0.6742788461538461 0.8413461538461539 0.021033653846153848 0.028846153846153848
2 0.3293269230769231 0.7584134615384616 0.01953125 0.028846153846153848
2 0.36778846153846156 0.765625 0.014423076923076924 0.03545673076923077
2 0.3557692307692308 0.8341346153846154 0.014423076923076924 0.03395432692307692
2 0.4206730769230769 0.49038461538461536 0.022235576923076924 0.021033653846153848
2 0.41586538461538464 0.6622596153846154 0.018028846153846152 0.017427884615384616
2 0.4411057692307692 0.6875 0.017728365384615384 0.018329326923076924
2 0.9050480769230769 0.3737980769230769 0.04807692307692308 0.12259615384615384
2 0.8701923076923077 0.09495192307692307 0.010817307692307692 0.019230769230769232
1 0.6622596153846154 0.7908653846153846 0.23197115384615385 0.23197115384615385
2 0.5 0.8233173076923077 0.09495192307692307 0.16646634615384615
1 0.2283653846153846 0.7451923076923077 0.028245192307692308 0.0859375