1 0.5108173076923077 0.16105769230769232 0.03125 0.09194711538461539
1 0.5168269230769231 0.06610576923076923 0.06099759615384615 0.06129807692307692
1 0.5661057692307693 0.06490384615384616 0.03125 0.03064903846153846
2 0.31490384615384615 0.8377403846153846 0.014423076923076924 0.021334134615384616
2 0.3545673076923077 0.8389423076923077 0.024639423076923076 0.025841346153846152
2 0.3425480769230769 0.9146634615384616 0.028846153846153848 0.029146634615384616
2 0.4026442307692308 0.7283653846153846 0.009615384615384616 0.028545673076923076
2 0.6730769230769231 0.9158653846153846 0.010817307692307692 0.028245192307692308
2 0.9074519230769231 0.41225961538461536 0.05048076923076923 0.125
2 0.8677884615384616 0.11298076923076923 0.015625 0.016826923076923076
1 0.20432692307692307 0.8269230769230769 0.0234375 0.06700721153846154
1 0.6574519230769231 0.8088942307692307 0.21634615384615385 0.21574519230769232
2 0.49278846153846156 0.8990384615384616 0.15144230769230768 0.15144230769230768