1 0.5 0.33413461538461536 0.029447115384615384 0.13010817307692307
1 0.5060096153846154 0.21634615384615385 0.055588942307692304 0.07752403846153846
1 0.5625 0.20673076923076922 0.038161057692307696 0.03786057692307692
1 0.6021634615384616 0.030048076923076924 0.06009615384615385 0.06009615384615385
2 0.3713942307692308 0.8870192307692307 0.026442307692307692 0.025841346153846152
2 0.9603365384615384 0.640625 0.07932692307692307 0.08413461538461539
2 0.9122596153846154 0.2620192307692308 0.014423076923076924 0.024338942307692308
2 0.6838942307692307 0.026442307692307692 0.022536057692307692 0.022536057692307692
2 0.020432692307692308 0.042067307692307696 0.01893028846153846 0.01893028846153846
2 0.453125 0.027644230769230768 0.01201923076923077 0.021334134615384616
1 0.5637019230769231 0.859375 0.21814903846153846 0.28125