1 0.5 0.33413461538461536 0.07992788461538461 0.07962740384615384
1 0.5060096153846154 0.21634615384615385 0.06640625 0.06670673076923077
1 0.5625 0.20673076923076922 0.038161057692307696 0.03786057692307692
1 0.6021634615384616 0.030048076923076924 0.06009615384615385 0.06009615384615385
2 0.3713942307692308 0.8870192307692307 0.019230769230769232 0.03245192307692308
2 0.9603365384615384 0.640625 0.07932692307692307 0.08413461538461539
2 0.9122596153846154 0.2620192307692308 0.019230769230769232 0.01953125
2 0.6838942307692307 0.026442307692307692 0.016526442307692308 0.028545673076923076
2 0.020432692307692308 0.042067307692307696 0.01893028846153846 0.01893028846153846
2 0.453125 0.027644230769230768 0.016826923076923076 0.016526442307692308
1 0.5637019230769231 0.859375 0.24969951923076922 0.25