1 0.42788461538461536 0.890625 0.1346153846153846 0.13341346153846154
1 0.4338942307692308 0.6598557692307693 0.11748798076923077 0.11778846153846154
1 0.53125 0.6370192307692307 0.11117788461538461 0.03365384615384615
1 0.5528846153846154 0.3076923076923077 0.08203125 0.11057692307692307
1 0.5769230769230769 0.21875 0.05739182692307692 0.0625
2 0.9903846153846154 0.6971153846153846 0.019230769230769232 0.019230769230769232
2 0.6574519230769231 0.2932692307692308 0.020432692307692308 0.021634615384615384
2 0.3557692307692308 0.32091346153846156 0.009615384615384616 0.026141826923076924
2 0.14302884615384615 0.027644230769230768 0.0234375 0.0234375
1 0.5901442307692307 0.8533653846153846 0.11838942307692307 0.11899038461538461
1 0.6778846153846154 0.7932692307692307 0.14903846153846154 0.14903846153846154