1 0.5504807692307693 0.6262019230769231 0.11117788461538461 0.18990384615384615
1 0.5805288461538461 0.47836538461538464 0.08533653846153846 0.08563701923076923
2 0.29927884615384615 0.6478365384615384 0.019831730769230768 0.020432692307692308
2 0.6862980769230769 0.5997596153846154 0.03365384615384615 0.03365384615384615
2 0.6658653846153846 0.8341346153846154 0.02283653846153846 0.02283653846153846
2 0.7716346153846154 0.7512019230769231 0.03365384615384615 0.03365384615384615
2 0.3088942307692308 0.7139423076923077 0.009615384615384616 0.028245192307692308
2 0.38461538461538464 0.040865384615384616 0.009615384615384616 0.019230769230769232
2 0.056490384615384616 0.19471153846153846 0.027644230769230768 0.02794471153846154
1 0.5697115384615384 0.9122596153846154 0.0234375 0.17548076923076922
1 0.6141826923076923 0.9735576923076923 0.059495192307692304 0.05228365384615385