1 0.7223557692307693 0.9879807692307693 0.03125 0.02403846153846154
1 0.9206730769230769 0.9519230769230769 0.11538461538461539 0.09615384615384616
2 0.8221153846153846 0.8233173076923077 0.05618990384615385 0.05618990384615385
2 0.6995192307692307 0.8689903846153846 0.047475961538461536 0.047475961538461536
2 0.3401442307692308 0.9915865384615384 0.01201923076923077 0.016826923076923076
2 0.25600961538461536 0.8004807692307693 0.019230769230769232 0.019831730769230768
2 0.016826923076923076 0.4699519230769231 0.03245192307692308 0.05588942307692308
2 0.10576923076923077 0.28966346153846156 0.014423076923076924 0.026141826923076924
2 0.2956730769230769 0.28365384615384615 0.016826923076923076 0.017427884615384616
2 0.3401442307692308 0.14182692307692307 0.029747596153846152 0.029747596153846152
2 0.31850961538461536 0.3173076923076923 0.03125 0.03125
2 0.9915865384615384 0.38341346153846156 0.016826923076923076 0.016826923076923076
2 0.056490384615384616 0.5444711538461539 0.01622596153846154 0.027043269230769232