1 0.8966346153846154 0.9723557692307693 0.0673076923076923 0.055288461538461536
1 0.9771634615384616 0.9915865384615384 0.02403846153846154 0.016826923076923076
2 0.24879807692307693 0.8305288461538461 0.01201923076923077 0.021935096153846152
2 0.6995192307692307 0.8954326923076923 0.041165865384615384 0.040865384615384616
2 0.8245192307692307 0.8557692307692307 0.057692307692307696 0.05739182692307692
2 0.9963942307692307 0.39903846153846156 0.006911057692307692 0.014423076923076924
2 0.33774038461538464 0.15144230769230768 0.016526442307692308 0.03876201923076923
2 0.2932692307692308 0.29927884615384615 0.018028846153846152 0.018329326923076924
2 0.3161057692307692 0.33533653846153844 0.021334134615384616 0.04567307692307692
2 0.014423076923076924 0.48677884615384615 0.028846153846153848 0.036057692307692304
2 0.09975961538461539 0.30528846153846156 0.016526442307692308 0.028545673076923076
2 0.04567307692307692 0.5649038461538461 0.019831730769230768 0.01953125