1 0.8966346153846154 0.9711538461538461 0.0673076923076923 0.057692307692307696
1 0.9747596153846154 0.9891826923076923 0.026141826923076924 0.021334134615384616
2 0.24519230769230768 0.8377403846153846 0.010216346153846154 0.021334134615384616
2 0.8221153846153846 0.8545673076923077 0.051382211538461536 0.051682692307692304
2 0.6995192307692307 0.9038461538461539 0.024338942307692308 0.07181490384615384
2 0.3329326923076923 0.15625 0.029747596153846152 0.029747596153846152
2 0.28846153846153844 0.30528846153846156 0.009915865384615384 0.023737980769230768
2 0.3112980769230769 0.3425480769230769 0.026141826923076924 0.026141826923076924
2 0.09375 0.31490384615384615 0.0234375 0.02403846153846154
2 0.009615384615384616 0.4951923076923077 0.014723557692307692 0.05739182692307692
2 0.040865384615384616 0.5733173076923077 0.020432692307692308 0.019831730769230768