1 0.8978365384615384 0.9771634615384616 0.08653846153846154 0.04567307692307692
1 0.9747596153846154 0.9891826923076923 0.026141826923076924 0.021334134615384616
2 0.24519230769230768 0.8377403846153846 0.01622596153846154 0.01532451923076923
2 0.8221153846153846 0.8545673076923077 0.052584134615384616 0.05048076923076923
2 0.6995192307692307 0.9038461538461539 0.024338942307692308 0.07181490384615384
2 0.3329326923076923 0.15625 0.029747596153846152 0.029747596153846152
2 0.28846153846153844 0.30528846153846156 0.009915865384615384 0.023737980769230768
2 0.3112980769230769 0.3425480769230769 0.025841346153846152 0.025841346153846152
2 0.09375 0.31490384615384615 0.013822115384615384 0.03365384615384615
2 0.013221153846153846 0.49399038461538464 0.026442307692307692 0.036057692307692304
2 0.040865384615384616 0.5733173076923077 0.014423076923076924 0.025841346153846152