1 0.9170673076923077 0.9350961538461539 0.14182692307692307 0.12980769230769232
1 0.7668269230769231 0.9699519230769231 0.14423076923076922 0.06009615384615385
2 0.2620192307692308 0.7620192307692307 0.016826923076923076 0.017127403846153848
2 0.3473557692307692 0.9699519230769231 0.038161057692307696 0.038461538461538464
2 0.6959134615384616 0.8305288461538461 0.021334134615384616 0.06009615384615385
2 0.8137019230769231 0.7872596153846154 0.055588942307692304 0.05498798076923077
2 0.9891826923076923 0.36538461538461536 0.01201923076923077 0.019230769230769232
2 0.3449519230769231 0.12620192307692307 0.014423076923076924 0.04026442307692308
2 0.3004807692307692 0.26802884615384615 0.014423076923076924 0.021935096153846152
2 0.32572115384615385 0.2980769230769231 0.016826923076923076 0.038161057692307696
2 0.11298076923076923 0.27403846153846156 0.021033653846153848 0.021334134615384616
2 0.025240384615384616 0.44471153846153844 0.03064903846153846 0.05709134615384615