1 0.9122596153846154 0.9242788461538461 0.15625 0.15144230769230768
1 0.7620192307692307 0.9483173076923077 0.11057692307692307 0.10336538461538461
2 0.2668269230769231 0.7391826923076923 0.013221153846153846 0.021033653846153848
2 0.35216346153846156 0.9519230769230769 0.046875 0.047475961538461536
2 0.6923076923076923 0.8028846153846154 0.0390625 0.0390625
2 0.8112980769230769 0.7620192307692307 0.045973557692307696 0.04326923076923077
2 0.9831730769230769 0.3557692307692308 0.014723557692307692 0.01953125
2 0.30528846153846156 0.2620192307692308 0.013822115384615384 0.01953125
2 0.32572115384615385 0.296875 0.030949519230769232 0.030949519230769232
2 0.34615384615384615 0.125 0.026442307692307692 0.026141826923076924
2 0.11899038461538461 0.2692307692307692 0.014423076923076924 0.028846153846153848
2 0.03485576923076923 0.4326923076923077 0.02674278846153846 0.052584134615384616