1 0.9134615384615384 0.9290865384615384 0.17247596153846154 0.14182692307692307
1 0.7620192307692307 0.9483173076923077 0.11057692307692307 0.10336538461538461
2 0.2668269230769231 0.7391826923076923 0.016826923076923076 0.017427884615384616
2 0.35216346153846156 0.9519230769230769 0.046875 0.047475961538461536
2 0.6923076923076923 0.8028846153846154 0.019831730769230768 0.05829326923076923
2 0.8112980769230769 0.7620192307692307 0.044771634615384616 0.04447115384615385
2 0.9831730769230769 0.3557692307692308 0.017127403846153848 0.017127403846153848
2 0.30528846153846156 0.2620192307692308 0.013822115384615384 0.01953125
2 0.32572115384615385 0.296875 0.030949519230769232 0.030949519230769232
2 0.34615384615384615 0.125 0.014423076923076924 0.038161057692307696
2 0.11899038461538461 0.2692307692307692 0.021634615384615384 0.021634615384615384
2 0.03485576923076923 0.4326923076923077 0.02674278846153846 0.052584134615384616