1 0.7487980769230769 0.9278846153846154 0.12139423076923077 0.12169471153846154
1 0.9098557692307693 0.9002403846153846 0.18028846153846154 0.15114182692307693
2 0.2704326923076923 0.7151442307692307 0.016826923076923076 0.016526442307692308
2 0.35336538461538464 0.9158653846153846 0.04837740384615385 0.04807692307692308
2 0.6862980769230769 0.7704326923076923 0.03786057692307692 0.03786057692307692
2 0.8028846153846154 0.7355769230769231 0.0546875 0.055588942307692304
2 0.9711538461538461 0.3401442307692308 0.014423076923076924 0.019230769230769232
2 0.34375 0.11658653846153846 0.025540865384615384 0.025540865384615384
2 0.30288461538461536 0.24879807692307693 0.017127403846153848 0.016826923076923076
2 0.3269230769230769 0.2776442307692308 0.028846153846153848 0.029447115384615384
2 0.12139423076923077 0.25841346153846156 0.01201923076923077 0.026141826923076924
2 0.037259615384615384 0.41586538461538464 0.04266826923076923 0.04146634615384615
2 0.9927884615384616 0.6995192307692307 0.013822115384615384 0.024338942307692308
1 0.9855769230769231 0.9879807692307693 0.02403846153846154 0.023737980769230768
1 0.8365384615384616 0.9819711538461539 0.057692307692307696 0.03545673076923077