1 0.7487980769230769 0.9278846153846154 0.12139423076923077 0.12169471153846154
1 0.9098557692307693 0.9002403846153846 0.18028846153846154 0.15114182692307693
2 0.2704326923076923 0.7151442307692307 0.01201923076923077 0.021334134615384616
2 0.35336538461538464 0.9158653846153846 0.048677884615384616 0.04807692307692308
2 0.6862980769230769 0.7704326923076923 0.038161057692307696 0.038161057692307696
2 0.8028846153846154 0.7355769230769231 0.056490384615384616 0.05348557692307692
2 0.9711538461538461 0.3401442307692308 0.014423076923076924 0.019230769230769232
2 0.34375 0.11658653846153846 0.025540865384615384 0.025540865384615384
2 0.30288461538461536 0.24879807692307693 0.014723557692307692 0.019230769230769232
2 0.3269230769230769 0.2776442307692308 0.018629807692307692 0.04056490384615385
2 0.12139423076923077 0.25841346153846156 0.019230769230769232 0.018629807692307692
2 0.037259615384615384 0.41586538461538464 0.042367788461538464 0.04176682692307692
2 0.9927884615384616 0.6995192307692307 0.013822115384615384 0.024338942307692308
1 0.9855769230769231 0.9879807692307693 0.02403846153846154 0.023737980769230768
1 0.8353365384615384 0.9783653846153846 0.04567307692307692 0.04326923076923077