1 0.7403846153846154 0.8894230769230769 0.15264423076923078 0.10036057692307693
1 0.9074519230769231 0.8641826923076923 0.18479567307692307 0.15114182692307693
2 0.2764423076923077 0.6814903846153846 0.019831730769230768 0.02013221153846154
2 0.359375 0.8786057692307693 0.019230769230769232 0.08473557692307693
2 0.6850961538461539 0.7415865384615384 0.045072115384615384 0.044771634615384616
2 0.8004807692307693 0.6995192307692307 0.054086538461538464 0.051682692307692304
2 0.984375 0.6730769230769231 0.018028846153846152 0.018329326923076924
2 0.9663461538461539 0.3233173076923077 0.015625 0.015625
2 0.34975961538461536 0.10576923076923077 0.014423076923076924 0.038161057692307696
2 0.3088942307692308 0.234375 0.015625 0.015625
2 0.3329326923076923 0.26322115384615385 0.016526442307692308 0.035757211538461536
2 0.12860576923076922 0.24158653846153846 0.01141826923076923 0.025841346153846152
2 0.04807692307692308 0.39783653846153844 0.028545673076923076 0.05048076923076923
2 0.7091346153846154 0.9855769230769231 0.1102764423076923 0.028846153846153848
2 0.390625 0.9807692307692307 0.20673076923076922 0.03365384615384615
1 0.8125 0.9519230769230769 0.0907451923076923 0.0625
1 0.9783653846153846 0.9591346153846154 0.04326923076923077 0.04807692307692308