1 0.7403846153846154 0.8894230769230769 0.15324519230769232 0.1006610576923077
1 0.9074519230769231 0.8641826923076923 0.18479567307692307 0.15114182692307693
2 0.2764423076923077 0.6814903846153846 0.019831730769230768 0.02013221153846154
2 0.359375 0.8786057692307693 0.051682692307692304 0.05198317307692308
2 0.6850961538461539 0.7415865384615384 0.045072115384615384 0.044771634615384616
2 0.8004807692307693 0.6995192307692307 0.05348557692307692 0.05228365384615385
2 0.984375 0.6730769230769231 0.01201923076923077 0.024338942307692308
2 0.9663461538461539 0.3233173076923077 0.015625 0.015625
2 0.34975961538461536 0.10576923076923077 0.026442307692307692 0.026141826923076924
2 0.3088942307692308 0.234375 0.01201923076923077 0.019230769230769232
2 0.3329326923076923 0.26322115384615385 0.026141826923076924 0.026141826923076924
2 0.12860576923076922 0.24158653846153846 0.01171875 0.026141826923076924
2 0.04807692307692308 0.39783653846153844 0.03936298076923077 0.039663461538461536
2 0.7079326923076923 0.9747596153846154 0.06971153846153846 0.05048076923076923
2 0.3894230769230769 0.9603365384615384 0.1201923076923077 0.07932692307692307
1 0.8125 0.9519230769230769 0.07632211538461539 0.07692307692307693
1 0.9819711538461539 0.9603365384615384 0.036057692307692304 0.0625