1 0.7463942307692307 0.84375 0.1141826923076923 0.1141826923076923
1 0.90625 0.8185096153846154 0.1875 0.13701923076923078
2 0.3641826923076923 0.8305288461538461 0.01201923076923077 0.07421875
2 0.28365384615384615 0.6442307692307693 0.009915865384615384 0.019230769230769232
2 0.6814903846153846 0.7019230769230769 0.03485576923076923 0.03515625
2 0.7920673076923077 0.6682692307692307 0.052884615384615384 0.04807692307692308
2 0.9759615384615384 0.6370192307692307 0.016826923076923076 0.017127403846153848
2 0.9615384615384616 0.30288461538461536 0.010216346153846154 0.019230769230769232
2 0.3557692307692308 0.09014423076923077 0.014423076923076924 0.035757211538461536
2 0.31490384615384615 0.21634615384615385 0.009915865384615384 0.01953125
2 0.33653846153846156 0.24759615384615385 0.018629807692307692 0.038161057692307696
2 0.13822115384615385 0.22115384615384615 0.017728365384615384 0.018329326923076924
2 0.06009615384615385 0.3701923076923077 0.024639423076923076 0.04326923076923077
2 0.4987980769230769 0.9555288461538461 0.5072115384615384 0.0889423076923077
1 0.8028846153846154 0.90625 0.09164663461538461 0.06700721153846154