1 0.734375 0.78125 0.10186298076923077 0.1015625
1 0.8846153846153846 0.7584134615384616 0.15324519230769232 0.15384615384615385
2 0.28725961538461536 0.6021634615384616 0.01893028846153846 0.01893028846153846
2 0.36658653846153844 0.7752403846153846 0.04567307692307692 0.04567307692307692
2 0.7824519230769231 0.6153846153846154 0.042067307692307696 0.042367788461538464
2 0.6730769230769231 0.6550480769230769 0.039963942307692304 0.039663461538461536
2 0.9579326923076923 0.59375 0.017728365384615384 0.018329326923076924
2 0.9471153846153846 0.2776442307692308 0.018629807692307692 0.019230769230769232
2 0.35697115384615385 0.07451923076923077 0.02403846153846154 0.024639423076923076
2 0.31850961538461536 0.19591346153846154 0.014423076923076924 0.021334134615384616
2 0.34134615384615385 0.21875 0.028245192307692308 0.028545673076923076
2 0.07091346153846154 0.3401442307692308 0.026442307692307692 0.05048076923076923
2 0.5024038461538461 0.8966346153846154 0.51953125 0.09194711538461539
1 0.7956730769230769 0.8365384615384616 0.0673076923076923 0.04807692307692308