1 0.32091346153846156 0.7319711538461539 0.0985576923076923 0.09885817307692307
1 0.4098557692307692 0.6069711538461539 0.14783653846153846 0.14753605769230768
1 0.6201923076923077 0.31009615384615385 0.07241586538461539 0.07241586538461539
1 0.5396634615384616 0.30649038461538464 0.06850961538461539 0.06881009615384616
1 0.640625 0.21995192307692307 0.03635817307692308 0.07692307692307693
2 0.12139423076923077 0.9879807692307693 0.01622596153846154 0.0234375
2 0.28846153846153844 0.5733173076923077 0.03064903846153846 0.030348557692307692
2 0.6622596153846154 0.6646634615384616 0.02283653846153846 0.022536057692307692
2 0.39302884615384615 0.01201923076923077 0.02283653846153846 0.02283653846153846
2 0.32211538461538464 0.875 0.13010817307692307 0.12950721153846154
1 0.3870192307692308 0.7283653846153846 0.04326923076923077 0.12079326923076923
1 0.47836538461538464 0.9555288461538461 0.033052884615384616 0.03275240384615385