1 0.3762019230769231 0.7139423076923077 0.09435096153846154 0.07692307692307693
1 0.4699519230769231 0.6021634615384616 0.13671875 0.15114182692307693
1 0.7019230769230769 0.3317307692307692 0.07692307692307693 0.0772235576923077
1 0.6334134615384616 0.32211538461538464 0.054086538461538464 0.0546875
1 0.7283653846153846 0.22956730769230768 0.06850961538461539 0.06881009615384616
2 0.1622596153846154 0.9495192307692307 0.016826923076923076 0.024639423076923076
2 0.34975961538461536 0.5504807692307693 0.03545673076923077 0.08173076923076923
2 0.7175480769230769 0.6911057692307693 0.014423076923076924 0.026141826923076924
2 0.49759615384615385 0.01201923076923077 0.017427884615384616 0.016826923076923076
2 0.34615384615384615 0.17668269230769232 0.014423076923076924 0.021033653846153848
2 0.4639423076923077 0.42427884615384615 0.015625 0.016826923076923076
2 0.34975961538461536 0.8822115384615384 0.08383413461538461 0.11057692307692307
1 0.4375 0.7295673076923077 0.09224759615384616 0.0928485576923077
2 0.8004807692307693 0.609375 0.09555288461538461 0.09525240384615384
2 0.8870192307692307 0.8966346153846154 0.05348557692307692 0.05348557692307692
1 0.5588942307692307 0.3870192307692308 0.057692307692307696 0.11117788461538461
2 0.6213942307692307 0.23197115384615385 0.041165865384615384 0.13191105769230768
1 0.5120192307692307 0.9567307692307693 0.038461538461538464 0.038161057692307696