1 0.3762019230769231 0.7139423076923077 0.08563701923076923 0.08533653846153846
1 0.4699519230769231 0.6021634615384616 0.14393028846153846 0.14393028846153846
1 0.7019230769230769 0.3317307692307692 0.057692307692307696 0.09645432692307693
1 0.6334134615384616 0.32211538461538464 0.07932692307692307 0.030048076923076924
1 0.7283653846153846 0.22956730769230768 0.038461538461538464 0.09885817307692307
2 0.1622596153846154 0.9495192307692307 0.016826923076923076 0.024338942307692308
2 0.34975961538461536 0.5504807692307693 0.05859375 0.05889423076923077
2 0.7175480769230769 0.6911057692307693 0.014423076923076924 0.026141826923076924
2 0.49759615384615385 0.01201923076923077 0.015024038461538462 0.019230769230769232
2 0.34615384615384615 0.17668269230769232 0.018028846153846152 0.017728365384615384
2 0.4639423076923077 0.42427884615384615 0.01622596153846154 0.016826923076923076
2 0.34975961538461536 0.8822115384615384 0.08353365384615384 0.11057692307692307
1 0.4375 0.7295673076923077 0.05739182692307692 0.12770432692307693
2 0.8004807692307693 0.609375 0.09555288461538461 0.09525240384615384
2 0.8870192307692307 0.8966346153846154 0.05348557692307692 0.05348557692307692
1 0.5588942307692307 0.3870192307692308 0.08413461538461539 0.08533653846153846
2 0.6213942307692307 0.23197115384615385 0.041165865384615384 0.13191105769230768
1 0.5120192307692307 0.9567307692307693 0.019230769230769232 0.05739182692307692