1 0.37740384615384615 0.9759615384615384 0.04807692307692308 0.04807692307692308
1 0.4651442307692308 0.8533653846153846 0.18419471153846154 0.18359375
1 0.7355769230769231 0.4987980769230769 0.11177884615384616 0.11207932692307693
1 0.6550480769230769 0.47716346153846156 0.08413461538461539 0.04567307692307692
1 0.7620192307692307 0.35336538461538464 0.04266826923076923 0.13040865384615385
2 0.32091346153846156 0.7872596153846154 0.031850961538461536 0.08834134615384616
2 0.45913461538461536 0.6057692307692307 0.013221153846153846 0.019230769230769232
2 0.7560096153846154 0.9783653846153846 0.02283653846153846 0.022235576923076924
2 0.3245192307692308 0.28846153846153844 0.013822115384615384 0.019230769230769232
2 0.4987980769230769 0.0733173076923077 0.021033653846153848 0.04567307692307692
2 0.5168269230769231 0.03485576923076923 0.013822115384615384 0.021334134615384616
2 0.8545673076923077 0.8689903846153846 0.09825721153846154 0.17548076923076922
1 0.5685096153846154 0.5637019230769231 0.10486778846153846 0.1045673076923077
2 0.6370192307692307 0.359375 0.10997596153846154 0.11057692307692307
1 0.44350961538461536 0.9771634615384616 0.02674278846153846 0.04567307692307692