1 0.46033653846153844 0.9242788461538461 0.15625 0.15144230769230768
1 0.7379807692307693 0.5757211538461539 0.0772235576923077 0.16556490384615385
1 0.6586538461538461 0.5504807692307693 0.07752403846153846 0.05228365384615385
1 0.7740384615384616 0.41947115384615385 0.09585336538461539 0.09615384615384616
2 0.30649038461538464 0.9074519230769231 0.09495192307692307 0.09495192307692307
2 0.4987980769230769 0.10576923076923077 0.036057692307692304 0.03665865384615385
2 0.515625 0.0673076923076923 0.016526442307692308 0.019230769230769232
2 0.3161057692307692 0.3449519230769231 0.01622596153846154 0.019230769230769232
2 0.32572115384615385 0.7079326923076923 0.021033653846153848 0.04567307692307692
2 0.453125 0.6995192307692307 0.017728365384615384 0.018329326923076924
2 0.8521634615384616 0.9483173076923077 0.078125 0.07842548076923077
1 0.5709134615384616 0.6550480769230769 0.11177884615384616 0.11177884615384616
2 0.6466346153846154 0.42788461538461536 0.057692307692307696 0.19110576923076922