1 0.7872596153846154 0.8064903846153846 0.08924278846153846 0.19951923076923078
1 0.6911057692307693 0.7788461538461539 0.10576923076923077 0.07181490384615384
1 0.8125 0.6069711538461539 0.12349759615384616 0.12379807692307693
2 0.44591346153846156 0.9759615384615384 0.016826923076923076 0.029447115384615384
2 0.2980769230769231 0.49759615384615385 0.017427884615384616 0.017427884615384616
2 0.5060096153846154 0.2091346153846154 0.040865384615384616 0.04056490384615385
2 0.5192307692307693 0.02283653846153846 0.06700721153846154 0.041165865384615384
2 0.5252403846153846 0.16346153846153846 0.02403846153846154 0.023737980769230768
2 0.9495192307692307 0.23557692307692307 0.017127403846153848 0.017127403846153848
2 0.9326923076923077 0.010817307692307692 0.015925480769230768 0.015625
2 0.8942307692307693 0.08173076923076923 0.0625 0.04927884615384615
1 0.609375 0.9074519230769231 0.1084735576923077 0.18509615384615385
2 0.671875 0.6117788461538461 0.055588942307692304 0.23557692307692307