1 0.7872596153846154 0.8064903846153846 0.14453125 0.14423076923076922
1 0.6911057692307693 0.7788461538461539 0.10576923076923077 0.07181490384615384
1 0.8125 0.6069711538461539 0.12319711538461539 0.12379807692307693
2 0.44591346153846156 0.9759615384615384 0.016826923076923076 0.030048076923076924
2 0.2980769230769231 0.49759615384615385 0.017427884615384616 0.017427884615384616
2 0.5060096153846154 0.2091346153846154 0.02403846153846154 0.05709134615384615
2 0.5180288461538461 0.02403846153846154 0.055288461538461536 0.04807692307692308
2 0.5252403846153846 0.16346153846153846 0.02403846153846154 0.023737980769230768
2 0.9495192307692307 0.23557692307692307 0.017127403846153848 0.017127403846153848
2 0.9326923076923077 0.010817307692307692 0.01622596153846154 0.015625
2 0.8942307692307693 0.08173076923076923 0.055288461538461536 0.05588942307692308
1 0.609375 0.9074519230769231 0.1084735576923077 0.18509615384615385
2 0.671875 0.6117788461538461 0.14573317307692307 0.14543269230769232