1 0.7572115384615384 0.19951923076923078 0.13912259615384615 0.13912259615384615
2 0.21875 0.6911057692307693 0.1015625 0.15384615384615385
2 0.05048076923076923 0.0673076923076923 0.04326923076923077 0.029447115384615384
2 0.6682692307692307 0.5745192307692307 0.014423076923076924 0.01953125
2 0.9375 0.36658653846153844 0.048677884615384616 0.03635817307692308
2 0.8028846153846154 0.47115384615384615 0.01953125 0.01953125
2 0.9338942307692307 0.7103365384615384 0.01201923076923077 0.026141826923076924
2 0.9026442307692307 0.6899038461538461 0.014423076923076924 0.024338942307692308
1 0.5252403846153846 0.9483173076923077 0.06490384615384616 0.06490384615384616
1 0.8161057692307693 0.8725961538461539 0.25 0.25450721153846156
1 0.9663461538461539 0.6682692307692307 0.0673076923076923 0.0673076923076923
2 0.9435096153846154 0.6201923076923077 0.02013221153846154 0.02013221153846154
2 0.8197115384615384 0.5588942307692307 0.024639423076923076 0.055588942307692304
2 0.8052884615384616 0.6550480769230769 0.08022836538461539 0.08082932692307693
2 0.7932692307692307 0.38221153846153844 0.049879807692307696 0.049879807692307696
2 0.6838942307692307 0.6610576923076923 0.09735576923076923 0.0967548076923077