1 0.7439903846153846 0.2548076923076923 0.18058894230769232 0.12439903846153846
2 0.16826923076923078 0.8557692307692307 0.14963942307692307 0.14963942307692307
2 0.6598557692307693 0.6959134615384616 0.014423076923076924 0.026141826923076924
2 0.9182692307692307 0.8185096153846154 0.021935096153846152 0.021634615384615384
2 0.9543269230769231 0.8425480769230769 0.014423076923076924 0.03125
2 0.9423076923076923 0.43509615384615385 0.052884615384615384 0.03365384615384615
1 0.7127403846153846 0.9723557692307693 0.04056490384615385 0.04056490384615385
1 0.9254807692307693 0.9447115384615384 0.09104567307692307 0.11057692307692307
1 0.9711538461538461 0.7620192307692307 0.057692307692307696 0.10096153846153846
2 0.8088942307692307 0.78125 0.045973557692307696 0.1388221153846154
2 0.7439903846153846 0.4951923076923077 0.03635817307692308 0.10576923076923077
2 0.796875 0.4639423076923077 0.051382211538461536 0.05198317307692308
2 0.6875 0.8185096153846154 0.047776442307692304 0.23798076923076922
2 0.8221153846153846 0.6694711538461539 0.05108173076923077 0.05108173076923077
2 0.9735576923076923 0.32572115384615385 0.0390625 0.04026442307692308