1 0.7367788461538461 0.2824519230769231 0.17578125 0.13191105769230768
2 0.14903846153846154 0.9182692307692307 0.1346153846153846 0.13431490384615385
2 0.6610576923076923 0.7536057692307693 0.020733173076923076 0.02013221153846154
2 0.9278846153846154 0.8810096153846154 0.014723557692307692 0.026141826923076924
2 0.9651442307692307 0.9050480769230769 0.016826923076923076 0.035757211538461536
2 0.9459134615384616 0.4699519230769231 0.043569711538461536 0.04296875
1 0.9362980769230769 0.9783653846153846 0.030048076923076924 0.030348557692307692
1 0.9783653846153846 0.8076923076923077 0.04326923076923077 0.09104567307692307
2 0.8185096153846154 0.84375 0.09254807692307693 0.09134615384615384
2 0.7872596153846154 0.49038461538461536 0.054086538461538464 0.05438701923076923
2 0.7427884615384616 0.5252403846153846 0.04266826923076923 0.125
2 0.6838942307692307 0.8786057692307693 0.14693509615384615 0.1463341346153846
2 0.828125 0.7127403846153846 0.06009615384615385 0.05979567307692308
2 0.9747596153846154 0.3545673076923077 0.040865384615384616 0.040865384615384616