1 0.7223557692307693 0.33413461538461536 0.16736778846153846 0.16676682692307693
2 0.6550480769230769 0.875 0.021634615384615384 0.021634615384615384
2 0.9447115384615384 0.5348557692307693 0.04807692307692308 0.046274038461538464
2 0.6706730769230769 0.007211538461538462 0.014423076923076924 0.009915865384615384
2 0.8185096153846154 0.9471153846153846 0.04326923076923077 0.10576923076923077
2 0.7379807692307693 0.6141826923076923 0.09375 0.09495192307692307
2 0.7872596153846154 0.5745192307692307 0.045973557692307696 0.08173076923076923
1 0.9795673076923077 0.8942307692307693 0.03125 0.048677884615384616
2 0.6682692307692307 0.9387019230769231 0.029447115384615384 0.12259615384615384
2 0.6370192307692307 0.7572115384615384 0.03786057692307692 0.17728365384615385
2 0.8305288461538461 0.8209134615384616 0.057692307692307696 0.05739182692307692