1 0.7223557692307693 0.33413461538461536 0.1856971153846154 0.1484375
2 0.6550480769230769 0.875 0.014423076923076924 0.028846153846153848
2 0.9447115384615384 0.5348557692307693 0.047475961538461536 0.04657451923076923
2 0.6706730769230769 0.007211538461538462 0.014423076923076924 0.009915865384615384
2 0.8185096153846154 0.9471153846153846 0.04326923076923077 0.10576923076923077
2 0.7379807692307693 0.6141826923076923 0.05228365384615385 0.13701923076923078
2 0.7872596153846154 0.5745192307692307 0.06400240384615384 0.06370192307692307
1 0.9795673076923077 0.8942307692307693 0.039663461538461536 0.040865384615384616
2 0.6682692307692307 0.9387019230769231 0.07692307692307693 0.07572115384615384
2 0.6370192307692307 0.7572115384615384 0.10787259615384616 0.10787259615384616
2 0.8305288461538461 0.8209134615384616 0.057692307692307696 0.05709134615384615