2 0.6995192307692307 0.8028846153846154 0.13942307692307693 0.0234375
2 0.8762019230769231 0.4387019230769231 0.026442307692307692 0.026141826923076924
2 0.890625 0.4879807692307692 0.019230769230769232 0.033052884615384616
2 0.9098557692307693 0.5324519230769231 0.016526442307692308 0.017127403846153848
2 0.7427884615384616 0.3870192307692308 0.014423076923076924 0.015024038461538462
2 0.45913461538461536 0.36538461538461536 0.009615384615384616 0.019230769230769232
2 0.5048076923076923 0.4182692307692308 0.017427884615384616 0.016826923076923076
2 0.21754807692307693 0.4891826923076923 0.08653846153846154 0.08383413461538461
2 0.8725961538461539 0.4098557692307692 0.009915865384615384 0.021935096153846152
2 0.9254807692307693 0.5661057692307693 0.021033653846153848 0.02013221153846154
2 0.9495192307692307 0.5925480769230769 0.01622596153846154 0.016826923076923076