1 0.5072115384615384 0.22115384615384615 0.024338942307692308 0.023737980769230768
1 0.5228365384615384 0.24158653846153846 0.024939903846153848 0.025240384615384616
1 0.29447115384615385 0.31971153846153844 0.037259615384615384 0.036959134615384616
1 0.8629807692307693 0.3737980769230769 0.033052884615384616 0.03545673076923077
1 0.4963942307692308 0.7223557692307693 0.016826923076923076 0.016826923076923076
1 0.640625 0.7572115384615384 0.025240384615384616 0.025841346153846152
1 0.6550480769230769 0.7331730769230769 0.01171875 0.009615384615384616
1 0.6574519230769231 0.6478365384615384 0.10787259615384616 0.1346153846153846
1 0.6466346153846154 0.7235576923076923 0.009915865384615384 0.009615384615384616
1 0.421875 0.609375 0.019230769230769232 0.014423076923076924
1 0.33052884615384615 0.5961538461538461 0.012620192307692308 0.02403846153846154
1 0.33533653846153844 0.5348557692307693 0.06009615384615385 0.060396634615384616
0 0.4675480769230769 0.6286057692307693 0.0772235576923077 0.0772235576923077
0 0.578125 0.5576923076923077 0.02403846153846154 0.02283653846153846
0 0.6706730769230769 0.5480769230769231 0.013822115384615384 0.033353365384615384
0 0.6694711538461539 0.5288461538461539 0.03936298076923077 0.039663461538461536
0 0.5745192307692307 0.5180288461538461 0.10546875 0.10576923076923077
0 0.47115384615384615 0.5144230769230769 0.04326923076923077 0.038461538461538464
0 0.5637019230769231 0.4338942307692308 0.052884615384615384 0.028846153846153848