1 0.5240384615384616 0.44350961538461536 0.022235576923076924 0.022235576923076924
1 0.6310096153846154 0.2536057692307692 0.019230769230769232 0.02674278846153846
1 0.6622596153846154 0.2644230769230769 0.03125 0.033353365384615384
1 0.5649038461538461 0.28125 0.08233173076923077 0.08233173076923077
1 0.359375 0.7247596153846154 0.023737980769230768 0.023737980769230768
1 0.2800480769230769 0.6514423076923077 0.014423076923076924 0.013822115384615384
1 0.2127403846153846 0.6346153846153846 0.010817307692307692 0.010817307692307692
1 0.22355769230769232 0.6850961538461539 0.08233173076923077 0.08203125
1 0.2980769230769231 0.7103365384615384 0.047475961538461536 0.04717548076923077
2 0.019230769230769232 0.23317307692307693 0.01201923076923077 0.01141826923076923
2 0.14783653846153846 0.21514423076923078 0.008713942307692308 0.008413461538461538
2 0.2091346153846154 0.23677884615384615 0.009615384615384616 0.01201923076923077
2 0.22596153846153846 0.25600961538461536 0.010817307692307692 0.010817307692307692
2 0.20793269230769232 0.3293269230769231 0.013221153846153846 0.013221153846153846
0 0.2848557692307692 0.7716346153846154 0.038461538461538464 0.0390625
0 0.4567307692307692 0.8798076923076923 0.13581730769230768 0.06310096153846154
0 0.5480769230769231 0.7776442307692307 0.06129807692307692 0.06129807692307692
0 0.4110576923076923 0.7439903846153846 0.03635817307692308 0.036057692307692304
0 0.3713942307692308 0.6622596153846154 0.04807692307692308 0.047776442307692304
0 0.3701923076923077 0.5769230769230769 0.18329326923076922 0.08143028846153846
0 0.3870192307692308 0.41466346153846156 0.061598557692307696 0.061598557692307696