1 0.40625 0.28725961538461536 0.14423076923076922 0.10096153846153846
1 0.2704326923076923 0.25721153846153844 0.07361778846153846 0.07391826923076923
1 0.25961538461538464 0.32091346153846156 0.014423076923076924 0.009615384615384616
1 0.28125 0.40865384615384615 0.08143028846153846 0.08173076923076923
1 0.16826923076923078 0.44711538461538464 0.05739182692307692 0.019831730769230768
1 0.2247596153846154 0.5889423076923077 0.02794471153846154 0.027043269230769232
1 0.22355769230769232 0.5036057692307693 0.014423076923076924 0.012319711538461538
1 0.21634615384615385 0.5276442307692307 0.010817307692307692 0.03545673076923077
1 0.22355769230769232 0.48197115384615385 0.009615384615384616 0.01171875
1 0.2127403846153846 0.4579326923076923 0.007512019230769231 0.009615384615384616
1 0.17067307692307693 0.9230769230769231 0.029146634615384616 0.04837740384615385
1 0.18870192307692307 0.8533653846153846 0.021033653846153848 0.034254807692307696
1 0.1971153846153846 0.9771634615384616 0.0390625 0.03155048076923077
1 0.09735576923076923 0.9122596153846154 0.029146634615384616 0.029146634615384616
1 0.11177884615384616 0.9711538461538461 0.05588942307692308 0.056490384615384616
0 0.4098557692307692 0.6694711538461539 0.06490384615384616 0.041165865384615384
0 0.40384615384615385 0.515625 0.07241586538461539 0.03635817307692308
0 0.49399038461538464 0.4110576923076923 0.026141826923076924 0.023737980769230768
0 0.5721153846153846 0.48197115384615385 0.05709134615384615 0.04567307692307692
0 0.5216346153846154 0.5408653846153846 0.05709134615384615 0.051682692307692304
0 0.4855769230769231 0.7235576923076923 0.07241586538461539 0.07271634615384616
0 0.6538461538461539 0.7451923076923077 0.09645432692307693 0.13401442307692307