0 0.5432692307692307 0.3173076923076923 0.06850961538461539 0.09134615384615384
0 0.43149038461538464 0.39903846153846156 0.060396634615384616 0.038161057692307696
0 0.4519230769230769 0.4879807692307692 0.03786057692307692 0.043870192307692304
0 0.59375 0.5901442307692307 0.022536057692307692 0.022536057692307692
0 0.7427884615384616 0.5697115384615384 0.033052884615384616 0.034254807692307696
0 0.5336538461538461 0.4483173076923077 0.029146634615384616 0.041165865384615384
1 0.5144230769230769 0.6117788461538461 0.019230769230769232 0.016526442307692308
1 0.5817307692307693 0.6442307692307693 0.014723557692307692 0.014122596153846154
1 0.5144230769230769 0.6995192307692307 0.009915865384615384 0.009314903846153846
1 0.47596153846153844 0.7271634615384616 0.043569711538461536 0.038461538461538464
1 0.4639423076923077 0.65625 0.08173076923076923 0.08233173076923077
1 0.7007211538461539 0.45072115384615385 0.042367788461538464 0.042067307692307696
1 0.703125 0.49158653846153844 0.03635817307692308 0.026442307692307692
2 0.6478365384615384 0.7560096153846154 0.018028846153846152 0.018028846153846152