1 0.5949519230769231 0.5324519230769231 0.11899038461538461 0.11868990384615384
1 0.6322115384615384 0.6165865384615384 0.022536057692307692 0.022536057692307692
1 0.5216346153846154 0.5733173076923077 0.015024038461538462 0.01201923076923077
1 0.5697115384615384 0.6213942307692307 0.014423076923076924 0.009615384615384616
1 0.44350961538461536 0.47596153846153844 0.018028846153846152 0.017427884615384616
1 0.4483173076923077 0.5024038461538461 0.021634615384615384 0.023737980769230768
1 0.45072115384615385 0.5276442307692307 0.013822115384615384 0.013822115384615384
1 0.46153846153846156 0.45072115384615385 0.019831730769230768 0.03155048076923077
1 0.4362980769230769 0.5625 0.014423076923076924 0.015625
1 0.4651442307692308 0.6298076923076923 0.02013221153846154 0.021033653846153848
1 0.484375 0.6153846153846154 0.06971153846153846 0.13401442307692307
1 0.44711538461538464 0.7271634615384616 0.027043269230769232 0.027644230769230768
1 0.4182692307692308 0.8064903846153846 0.05859375 0.059194711538461536
1 0.4699519230769231 0.7908653846153846 0.03155048076923077 0.03365384615384615