1 0.5348557692307693 0.4483173076923077 0.10757211538461539 0.12800480769230768
1 0.5805288461538461 0.5276442307692307 0.025841346153846152 0.021033653846153848
1 0.38822115384615385 0.375 0.02674278846153846 0.03365384615384615
1 0.375 0.4026442307692308 0.014723557692307692 0.014423076923076924
1 0.38341346153846156 0.42788461538461536 0.023137019230769232 0.022536057692307692
1 0.390625 0.453125 0.014423076923076924 0.01171875
1 0.4206730769230769 0.5516826923076923 0.023737980769230768 0.021334134615384616
1 0.38341346153846156 0.4891826923076923 0.015625 0.015625
1 0.4675480769230769 0.49158653846153844 0.01532451923076923 0.015625
1 0.4362980769230769 0.5348557692307693 0.07451923076923077 0.12980769230769232
1 0.41225961538461536 0.6466346153846154 0.016826923076923076 0.024338942307692308
1 0.44471153846153844 0.7055288461538461 0.028846153846153848 0.03365384615384615
1 0.39783653846153844 0.7223557692307693 0.055588942307692304 0.055288461538461536