1 0.5949519230769231 0.5324519230769231 0.11899038461538461 0.11868990384615384
1 0.6322115384615384 0.6165865384615384 0.022536057692307692 0.022536057692307692
1 0.5216346153846154 0.5733173076923077 0.014423076923076924 0.013221153846153846
1 0.5697115384615384 0.6213942307692307 0.01201923076923077 0.01201923076923077
1 0.44350961538461536 0.47596153846153844 0.018028846153846152 0.017427884615384616
1 0.4483173076923077 0.5024038461538461 0.02283653846153846 0.022536057692307692
1 0.45072115384615385 0.5276442307692307 0.013822115384615384 0.013822115384615384
1 0.46153846153846156 0.45072115384615385 0.019831730769230768 0.03155048076923077
1 0.4362980769230769 0.5625 0.019230769230769232 0.010216346153846154
1 0.4651442307692308 0.6298076923076923 0.021033653846153848 0.020432692307692308
1 0.484375 0.6153846153846154 0.10216346153846154 0.1015625
1 0.44711538461538464 0.7271634615384616 0.028245192307692308 0.026442307692307692
1 0.4182692307692308 0.8064903846153846 0.05739182692307692 0.060396634615384616
1 0.4699519230769231 0.7908653846153846 0.03155048076923077 0.03365384615384615