1 0.43149038461538464 0.23317307692307693 0.02674278846153846 0.015024038461538462
1 0.41466346153846156 0.2127403846153846 0.026442307692307692 0.021935096153846152
1 0.7992788461538461 0.32211538461538464 0.03936298076923077 0.039663461538461536
1 0.9663461538461539 0.3762019230769231 0.037259615384615384 0.036959134615384616
1 0.21634615384615385 0.3329326923076923 0.033052884615384616 0.03245192307692308
1 0.3076923076923077 0.5444711538461539 0.05739182692307692 0.06460336538461539
1 0.3173076923076923 0.6069711538461539 0.019230769230769232 0.019230769230769232
1 0.4110576923076923 0.609375 0.017728365384615384 0.018028846153846152
1 0.5084134615384616 0.7103365384615384 0.021334134615384616 0.017127403846153848
1 0.6598557692307693 0.7295673076923077 0.012319711538461538 0.036057692307692304
1 0.6646634615384616 0.6995192307692307 0.021634615384615384 0.015024038461538462
1 0.6646634615384616 0.6201923076923077 0.12259615384615384 0.12379807692307693
0 0.46153846153846156 0.6213942307692307 0.07211538461538461 0.08864182692307693
0 0.44350961538461536 0.5072115384615384 0.04447115384615385 0.04326923076923077
0 0.5420673076923077 0.4987980769230769 0.10096153846153846 0.10096153846153846
0 0.5552884615384616 0.5384615384615384 0.022235576923076924 0.022235576923076924
0 0.6430288461538461 0.5192307692307693 0.02794471153846154 0.027644230769230768
0 0.640625 0.4963942307692308 0.057692307692307696 0.019230769230769232
0 0.5144230769230769 0.4170673076923077 0.05228365384615385 0.021033653846153848