1 0.5168269230769231 0.26802884615384615 0.023737980769230768 0.014423076923076924
1 0.3557692307692308 0.4795673076923077 0.03485576923076923 0.034555288461538464
1 0.6045673076923077 0.5216346153846154 0.042067307692307696 0.04176682692307692
1 0.5721153846153846 0.4639423076923077 0.03155048076923077 0.030949519230769232
1 0.41346153846153844 0.5384615384615384 0.07662259615384616 0.07662259615384616
1 0.4375 0.3125 0.1463341346153846 0.1463341346153846
0 0.5805288461538461 0.6502403846153846 0.03756009615384615 0.037259615384615384
0 0.6490384615384616 0.3401442307692308 0.038161057692307696 0.038461538461538464
0 0.3425480769230769 0.3317307692307692 0.05048076923076923 0.050180288461538464
0 0.46274038461538464 0.7355769230769231 0.027644230769230768 0.027043269230769232
0 0.5528846153846154 0.17307692307692307 0.06760817307692307 0.08173076923076923