0 0.3737980769230769 0.796875 0.030348557692307692 0.030048076923076924
0 0.5216346153846154 0.75 0.048677884615384616 0.030048076923076924
0 0.46274038461538464 0.40024038461538464 0.04837740384615385 0.04807692307692308
0 0.7295673076923077 0.4831730769230769 0.030949519230769232 0.04296875
0 0.7199519230769231 0.3161057692307692 0.08413461538461539 0.06009615384615385
1 0.40384615384615385 0.53125 0.03155048076923077 0.030949519230769232
1 0.43028846153846156 0.5985576923076923 0.10096153846153846 0.052884615384615384
1 0.6057692307692307 0.6358173076923077 0.03876201923076923 0.04326923076923077
1 0.6033653846153846 0.5757211538461539 0.030348557692307692 0.030048076923076924
1 0.6442307692307693 0.3858173076923077 0.016826923076923076 0.016826923076923076
1 0.5408653846153846 0.4074519230769231 0.08623798076923077 0.16135817307692307