1 0.265625 0.2403846153846154 0.07932692307692307 0.0790264423076923
1 0.40024038461538464 0.26802884615384615 0.15114182692307693 0.09885817307692307
1 0.2536057692307692 0.30528846153846156 0.014423076923076924 0.009615384615384616
1 0.2800480769230769 0.3942307692307692 0.08173076923076923 0.08203125
1 0.16947115384615385 0.43509615384615385 0.05979567307692308 0.0234375
1 0.2247596153846154 0.4891826923076923 0.014423076923076924 0.01201923076923077
1 0.22115384615384615 0.4579326923076923 0.01953125 0.03125
1 0.21875 0.5144230769230769 0.021033653846153848 0.022235576923076924
1 0.22716346153846154 0.5588942307692307 0.014423076923076924 0.009615384615384616
1 0.23197115384615385 0.5841346153846154 0.01201923076923077 0.024639423076923076
1 0.1935096153846154 0.9086538461538461 0.036057692307692304 0.035757211538461536
1 0.203125 0.8473557692307693 0.014423076923076924 0.036057692307692304
1 0.11778846153846154 0.9002403846153846 0.033052884615384616 0.032151442307692304
1 0.22115384615384615 0.9627403846153846 0.04296875 0.03125
1 0.14903846153846154 0.9603365384615384 0.033353365384615384 0.007512019230769231
1 0.13942307692307693 0.984375 0.028846153846153848 0.012620192307692308
1 0.1141826923076923 0.9519230769230769 0.025540865384615384 0.025540865384615384
0 0.4074519230769231 0.5012019230769231 0.060697115384615384 0.06129807692307692
0 0.4951923076923077 0.39302884615384615 0.026442307692307692 0.026442307692307692
0 0.5769230769230769 0.46153846153846156 0.05228365384615385 0.052584134615384616
0 0.5264423076923077 0.5216346153846154 0.052584134615384616 0.05318509615384615
0 0.421875 0.6550480769230769 0.052884615384615384 0.05318509615384615
0 0.6658653846153846 0.7235576923076923 0.11568509615384616 0.11538461538461539
0 0.4987980769230769 0.7067307692307693 0.07632211538461539 0.07451923076923077