1 0.3161057692307692 0.9903846153846154 0.021634615384615384 0.019230769230769232
1 0.41466346153846156 0.0829326923076923 0.07632211538461539 0.07692307692307693
1 0.4951923076923077 0.1502403846153846 0.08653846153846154 0.0546875
1 0.49158653846153844 0.10576923076923077 0.040865384615384616 0.04026442307692308
1 0.6298076923076923 0.4110576923076923 0.12740384615384615 0.12740384615384615
1 0.6490384615384616 0.5012019230769231 0.024338942307692308 0.017127403846153848
1 0.5432692307692307 0.4423076923076923 0.014122596153846154 0.009915865384615384
1 0.5036057692307693 0.30288461538461536 0.021634615384615384 0.038461538461538464
1 0.4807692307692308 0.3293269230769231 0.018629807692307692 0.015024038461538462
1 0.4795673076923077 0.35697115384615385 0.020432692307692308 0.020432692307692308
1 0.47836538461538464 0.38461538461538464 0.012319711538461538 0.01171875
1 0.4579326923076923 0.41947115384615385 0.022235576923076924 0.021033653846153848
1 0.4735576923076923 0.49158653846153844 0.020432692307692308 0.020733173076923076
1 0.4963942307692308 0.47716346153846156 0.07001201923076923 0.13942307692307693
1 0.43509615384615385 0.5853365384615384 0.025841346153846152 0.024939903846153848
1 0.3918269230769231 0.6574519230769231 0.061899038461538464 0.05498798076923077
1 0.44711538461538464 0.6490384615384616 0.038461538461538464 0.028245192307692308