1 0.07211538461538461 0.20673076923076922 0.07241586538461539 0.08143028846153846
1 0.14423076923076922 0.2439903846153846 0.052884615384615384 0.05228365384615385
1 0.15865384615384615 0.3245192307692308 0.07181490384615384 0.07271634615384616
1 0.1141826923076923 0.3161057692307692 0.04326923076923077 0.04326923076923077
1 0.0829326923076923 0.3401442307692308 0.03515625 0.03485576923076923
1 0.06490384615384616 0.3713942307692308 0.014423076923076924 0.01622596153846154
1 0.07451923076923077 0.40024038461538464 0.029146634615384616 0.026442307692307692
1 0.0829326923076923 0.42908653846153844 0.014122596153846154 0.014423076923076924
1 0.07091346153846154 0.4699519230769231 0.028846153846153848 0.012319711538461538
1 0.2127403846153846 0.3605769230769231 0.020432692307692308 0.020432692307692308
1 0.17668269230769232 0.47596153846153844 0.015925480769230768 0.015625
1 0.31009615384615385 0.5168269230769231 0.024639423076923076 0.02283653846153846
1 0.23798076923076922 0.5264423076923077 0.01171875 0.01171875
1 0.36538461538461536 0.40865384615384615 0.01953125 0.019831730769230768
1 0.2536057692307692 0.42908653846153844 0.1201923076923077 0.1466346153846154
1 0.1141826923076923 0.5408653846153846 0.02283653846153846 0.023137019230769232
1 0.13581730769230768 0.5240384615384616 0.1141826923076923 0.11448317307692307
1 0.10817307692307693 0.6490384615384616 0.023737980769230768 0.029146634615384616
1 0.08653846153846154 0.7331730769230769 0.06670673076923077 0.06280048076923077
1 0.14543269230769232 0.7127403846153846 0.03485576923076923 0.03515625