0 0.4495192307692308 0.28365384615384615 0.057692307692307696 0.04326923076923077
1 0.6358173076923077 0.26802884615384615 0.021634615384615384 0.014423076923076924
1 0.5324519230769231 0.2920673076923077 0.12980769230769232 0.12980769230769232
1 0.39663461538461536 0.4230769230769231 0.03155048076923077 0.03125
1 0.4266826923076923 0.49278846153846156 0.07632211538461539 0.07572115384615384
1 0.609375 0.5288461538461539 0.045072115384615384 0.047475961538461536
1 0.6033653846153846 0.4675480769230769 0.029146634615384616 0.028846153846153848
0 0.7283653846153846 0.36778846153846156 0.03365384615384615 0.04296875
0 0.7127403846153846 0.19110576923076922 0.08413461538461539 0.0673076923076923
0 0.3798076923076923 0.6947115384615384 0.029146634615384616 0.028545673076923076
0 0.5300480769230769 0.6442307692307693 0.03936298076923077 0.039663461538461536