1 0.453125 0.6117788461538461 0.019831730769230768 0.019230769230769232
1 0.37259615384615385 0.7163461538461539 0.05228365384615385 0.047776442307692304
1 0.3786057692307692 0.640625 0.060697115384615384 0.09915865384615384
1 0.4206730769230769 0.6983173076923077 0.009915865384615384 0.009615384615384616
1 0.5060096153846154 0.65625 0.016526442307692308 0.014122596153846154
1 0.6802884615384616 0.5384615384615384 0.033052884615384616 0.033052884615384616
1 0.6826923076923077 0.4963942307692308 0.03876201923076923 0.045973557692307696
2 0.5252403846153846 0.7752403846153846 0.021033653846153848 0.020432692307692308
0 0.5348557692307693 0.6069711538461539 0.025240384615384616 0.025240384615384616
0 0.6850961538461539 0.6177884615384616 0.03786057692307692 0.0390625
0 0.53125 0.45913461538461536 0.03876201923076923 0.03876201923076923
0 0.4362980769230769 0.47836538461538464 0.039663461538461536 0.039963942307692304
0 0.4495192307692308 0.3942307692307692 0.05348557692307692 0.033353365384615384
0 0.5853365384615384 0.33533653846153844 0.0673076923076923 0.0673076923076923