1 0.16947115384615385 0.4074519230769231 0.04056490384615385 0.041165865384615384
1 0.22596153846153846 0.5516826923076923 0.030048076923076924 0.029747596153846152
1 0.22355769230769232 0.46274038461538464 0.014723557692307692 0.01171875
1 0.21754807692307693 0.4879807692307692 0.009615384615384616 0.024639423076923076
1 0.22355769230769232 0.44350961538461536 0.01141826923076923 0.01201923076923077
1 0.40865384615384615 0.24158653846153846 0.12590144230769232 0.12620192307692307
1 0.2704326923076923 0.21033653846153846 0.07932692307692307 0.07872596153846154
1 0.25841346153846156 0.2776442307692308 0.011117788461538462 0.010817307692307692
1 0.2800480769230769 0.36778846153846156 0.08353365384615384 0.0829326923076923
1 0.18028846153846154 0.8858173076923077 0.028846153846153848 0.04807692307692308
1 0.20552884615384615 0.9435096153846154 0.038461538461538464 0.021935096153846152
1 0.1935096153846154 0.8221153846153846 0.03275240384615385 0.033052884615384616
1 0.10817307692307693 0.8774038461538461 0.03155048076923077 0.03125
1 0.125 0.9507211538461539 0.0546875 0.054086538461538464
0 0.4987980769230769 0.37259615384615385 0.027043269230769232 0.028245192307692308
0 0.4098557692307692 0.4795673076923077 0.05979567307692308 0.060396634615384616
0 0.6610576923076923 0.7067307692307693 0.09254807692307693 0.13521634615384615
0 0.49278846153846156 0.6875 0.028545673076923076 0.12439903846153846
0 0.4170673076923077 0.6334134615384616 0.052884615384615384 0.05318509615384615
0 0.5276442307692307 0.5036057692307693 0.054086538461538464 0.0546875
0 0.5805288461538461 0.44350961538461536 0.055288461538461536 0.04567307692307692
1 0.20793269230769232 0.9735576923076923 0.007211538461538462 0.005108173076923077
1 0.2283653846153846 0.9807692307692307 0.006009615384615385 0.005408653846153846
1 0.18509615384615385 0.9819711538461539 0.006911057692307692 0.007211538461538462