1 0.46634615384615385 0.21875 0.021935096153846152 0.021935096153846152
1 0.4795673076923077 0.24158653846153846 0.021634615384615384 0.021334134615384616
1 0.8221153846153846 0.36778846153846156 0.03786057692307692 0.03245192307692308
1 0.9747596153846154 0.4362980769230769 0.038461538461538464 0.03635817307692308
1 0.2512019230769231 0.31971153846153844 0.040865384615384616 0.024338942307692308
1 0.30288461538461536 0.5360576923076923 0.05829326923076923 0.061899038461538464
1 0.3004807692307692 0.5985576923076923 0.013822115384615384 0.024639423076923076
1 0.3918269230769231 0.609375 0.015024038461538462 0.016526442307692308
1 0.47115384615384615 0.7199519230769231 0.01893028846153846 0.016826923076923076
1 0.6141826923076923 0.7512019230769231 0.02403846153846154 0.024338942307692308
1 0.6262019230769231 0.7247596153846154 0.016826923076923076 0.016826923076923076
1 0.6322115384615384 0.6454326923076923 0.12079326923076923 0.12139423076923077
0 0.4411057692307692 0.6262019230769231 0.07842548076923077 0.078125
0 0.546875 0.5552884615384616 0.022235576923076924 0.02283653846153846
0 0.6382211538461539 0.5432692307692307 0.021334134615384616 0.03395432692307692
0 0.6370192307692307 0.5240384615384616 0.05348557692307692 0.023737980769230768
0 0.5420673076923077 0.5132211538461539 0.10186298076923077 0.10216346153846154
0 0.4411057692307692 0.5144230769230769 0.04266826923076923 0.040865384615384616
0 0.5300480769230769 0.43149038461538464 0.055288461538461536 0.02403846153846154