0 0.41225961538461536 0.5444711538461539 0.0751201923076923 0.07572115384615384
2 0.6069711538461539 0.7007211538461539 0.09254807692307693 0.0928485576923077
2 0.9146634615384616 0.8653846153846154 0.03365384615384615 0.024338942307692308
2 0.5961538461538461 0.5697115384615384 0.029146634615384616 0.028545673076923076
2 0.7487980769230769 0.65625 0.03545673076923077 0.034254807692307696
2 0.9723557692307693 0.18269230769230768 0.055288461538461536 0.027644230769230768
2 0.9074519230769231 0.17067307692307693 0.027043269230769232 0.02403846153846154
2 0.9495192307692307 0.11177884615384616 0.033353365384615384 0.03365384615384615
0 0.5769230769230769 0.30649038461538464 0.057692307692307696 0.055288461538461536
0 0.35096153846153844 0.49759615384615385 0.017427884615384616 0.017427884615384616
0 0.5793269230769231 0.5012019230769231 0.05739182692307692 0.07451923076923077
0 0.7379807692307693 0.453125 0.15234375 0.15294471153846154
0 0.6983173076923077 0.6141826923076923 0.10096153846153846 0.10096153846153846
0 0.5588942307692307 0.7668269230769231 0.07962740384615384 0.0868389423076923
0 0.3401442307692308 0.7295673076923077 0.31009615384615385 0.19501201923076922