2 0.5024038461538461 0.0625 0.014423076923076924 0.01953125
2 0.6658653846153846 0.14543269230769232 0.01622596153846154 0.015925480769230768
2 0.41466346153846156 0.05048076923076923 0.01201923076923077 0.014122596153846154
2 0.4098557692307692 0.3641826923076923 0.014122596153846154 0.014122596153846154
2 0.8942307692307693 0.6574519230769231 0.017728365384615384 0.018028846153846152
2 0.9110576923076923 0.6850961538461539 0.01201923076923077 0.012319711538461538
2 0.9423076923076923 0.6694711538461539 0.009314903846153846 0.009615384615384616
2 0.9230769230769231 0.47596153846153844 0.013822115384615384 0.018028846153846152
2 0.9675480769230769 0.46153846153846156 0.01141826923076923 0.010817307692307692
2 0.9038461538461539 0.27884615384615385 0.014423076923076924 0.014723557692307692
2 0.9182692307692307 0.3016826923076923 0.005408653846153846 0.01141826923076923
2 0.9423076923076923 0.296875 0.009314903846153846 0.009615384615384616
2 0.9615384615384616 0.3088942307692308 0.009314903846153846 0.007512019230769231
0 0.35697115384615385 0.33413461538461536 0.05048076923076923 0.05048076923076923
0 0.5661057692307693 0.3701923076923077 0.15114182692307693 0.028545673076923076
0 0.5012019230769231 0.44350961538461536 0.03365384615384615 0.033353365384615384
0 0.5889423076923077 0.6033653846153846 0.043870192307692304 0.052884615384615384
0 0.5925480769230769 0.671875 0.04837740384615385 0.04807692307692308
0 0.7331730769230769 0.5204326923076923 0.11177884615384616 0.11177884615384616
1 0.4050480769230769 0.6706730769230769 0.04567307692307692 0.029146634615384616
1 0.5973557692307693 0.42427884615384615 0.019230769230769232 0.019230769230769232
1 0.42788461538461536 0.6358173076923077 0.045973557692307696 0.04567307692307692
1 0.46634615384615385 0.6033653846153846 0.03545673076923077 0.03545673076923077
1 0.7151442307692307 0.44350961538461536 0.04146634615384615 0.04146634615384615
1 0.7127403846153846 0.3605769230769231 0.041165865384615384 0.06280048076923077