2 0.07451923076923077 0.3293269230769231 0.016826923076923076 0.017127403846153848
2 0.4098557692307692 0.3389423076923077 0.009615384615384616 0.010817307692307692
2 0.5048076923076923 0.028846153846153848 0.017127403846153848 0.016526442307692308
2 0.41346153846153844 0.014423076923076924 0.009615384615384616 0.010817307692307692
2 0.671875 0.11298076923076923 0.016826923076923076 0.015024038461538462
2 0.9146634615384616 0.2536057692307692 0.016526442307692308 0.01171875
2 0.9495192307692307 0.2692307692307692 0.013822115384615384 0.009314903846153846
2 0.9290865384615384 0.27403846153846156 0.009615384615384616 0.009314903846153846
2 0.9735576923076923 0.2824519230769231 0.00811298076923077 0.00811298076923077
2 0.9326923076923077 0.45552884615384615 0.015024038461538462 0.021033653846153848
2 0.9735576923076923 0.43990384615384615 0.014122596153846154 0.013822115384615384
2 0.9002403846153846 0.6358173076923077 0.016826923076923076 0.016826923076923076
2 0.9134615384615384 0.6598557692307693 0.015024038461538462 0.009615384615384616
2 0.9435096153846154 0.6478365384615384 0.016826923076923076 0.016826923076923076
2 0.027644230769230768 0.1971153846153846 0.018629807692307692 0.018028846153846152
2 0.038461538461538464 0.33052884615384615 0.018629807692307692 0.017427884615384616
2 0.42427884615384615 0.09975961538461539 0.015625 0.015625
1 0.40384615384615385 0.6490384615384616 0.04326923076923077 0.024338942307692308
1 0.42788461538461536 0.6141826923076923 0.052584134615384616 0.036057692307692304
1 0.4675480769230769 0.5817307692307693 0.03245192307692308 0.03275240384615385
1 0.7199519230769231 0.4182692307692308 0.019230769230769232 0.06700721153846154
1 0.7163461538461539 0.33533653846153844 0.04326923076923077 0.06911057692307693
1 0.5973557692307693 0.39903846153846156 0.016826923076923076 0.014723557692307692
0 0.5012019230769231 0.4206730769230769 0.030048076923076924 0.029747596153846152
0 0.3545673076923077 0.3088942307692308 0.051682692307692304 0.051682692307692304
0 0.5685096153846154 0.3449519230769231 0.15384615384615385 0.03064903846153846
0 0.5901442307692307 0.5829326923076923 0.04326923076923077 0.055288461538461536
0 0.5925480769230769 0.6514423076923077 0.05048076923076923 0.050180288461538464
0 0.7355769230769231 0.4987980769230769 0.1349158653846154 0.08413461538461539