0 0.4495192307692308 0.28365384615384615 0.05048076923076923 0.05048076923076923
1 0.6358173076923077 0.26802884615384615 0.021634615384615384 0.014423076923076924
1 0.5324519230769231 0.2920673076923077 0.08653846153846154 0.17307692307692307
1 0.39663461538461536 0.4230769230769231 0.031850961538461536 0.03125
1 0.4266826923076923 0.49278846153846156 0.09915865384615384 0.052884615384615384
1 0.609375 0.5288461538461539 0.04537259615384615 0.047776442307692304
1 0.6033653846153846 0.4675480769230769 0.029447115384615384 0.028846153846153848
0 0.7283653846153846 0.36778846153846156 0.03365384615384615 0.04296875
0 0.7127403846153846 0.19110576923076922 0.08413461538461539 0.0673076923076923
0 0.3798076923076923 0.6947115384615384 0.029146634615384616 0.028545673076923076
0 0.5300480769230769 0.6442307692307693 0.050180288461538464 0.028846153846153848