1 0.4362980769230769 0.5721153846153846 0.021634615384615384 0.020432692307692308
1 0.5096153846153846 0.6033653846153846 0.014723557692307692 0.014423076923076924
1 0.43990384615384615 0.6598557692307693 0.02013221153846154 0.02013221153846154
1 0.38341346153846156 0.6213942307692307 0.08173076923076923 0.09375
1 0.4014423076923077 0.6935096153846154 0.04807692307692308 0.04807692307692308
1 0.6346153846153846 0.44471153846153844 0.036057692307692304 0.035757211538461536
1 0.6286057692307693 0.39663461538461536 0.041165865384615384 0.05228365384615385
2 0.5817307692307693 0.7175480769230769 0.022235576923076924 0.022235576923076924
0 0.36177884615384615 0.43990384615384615 0.03635817307692308 0.04807692307692308
0 0.4495192307692308 0.3954326923076923 0.0390625 0.039963942307692304
0 0.6778846153846154 0.5216346153846154 0.028545673076923076 0.04296875
0 0.5216346153846154 0.546875 0.025841346153846152 0.026442307692307692
0 0.4519230769230769 0.24879807692307693 0.0772235576923077 0.0985576923076923
0 0.33413461538461536 0.3449519230769231 0.05859375 0.05859375