1 0.453125 0.6117788461538461 0.01953125 0.019230769230769232
1 0.37259615384615385 0.7163461538461539 0.049879807692307696 0.050180288461538464
1 0.3786057692307692 0.640625 0.060396634615384616 0.09885817307692307
1 0.4206730769230769 0.6983173076923077 0.009915865384615384 0.009615384615384616
1 0.5060096153846154 0.65625 0.01532451923076923 0.01532451923076923
1 0.6802884615384616 0.5384615384615384 0.033353365384615384 0.033353365384615384
1 0.6826923076923077 0.4963942307692308 0.04266826923076923 0.04266826923076923
2 0.5252403846153846 0.7752403846153846 0.02674278846153846 0.014423076923076924
0 0.5348557692307693 0.6069711538461539 0.025240384615384616 0.025240384615384616
0 0.6850961538461539 0.6177884615384616 0.042067307692307696 0.03485576923076923
0 0.53125 0.45913461538461536 0.043569711538461536 0.03395432692307692
0 0.4362980769230769 0.47836538461538464 0.036057692307692304 0.043569711538461536
0 0.4495192307692308 0.3942307692307692 0.04447115384615385 0.04266826923076923
0 0.5853365384615384 0.33533653846153844 0.040865384615384616 0.09375