2 0.5036057692307693 0.030048076923076924 0.016826923076923076 0.021634615384615384
2 0.42427884615384615 0.10216346153846154 0.026141826923076924 0.012319711538461538
2 0.671875 0.11538461538461539 0.014423076923076924 0.014723557692307692
2 0.41466346153846156 0.018028846153846152 0.009615384615384616 0.01141826923076923
2 0.06971153846153846 0.3293269230769231 0.016826923076923076 0.017127403846153848
2 0.037259615384615384 0.3329326923076923 0.013221153846153846 0.013521634615384616
2 0.026442307692307692 0.19951923076923078 0.029146634615384616 0.01893028846153846
2 0.8942307692307693 0.640625 0.014723557692307692 0.014423076923076924
2 0.9110576923076923 0.6658653846153846 0.014122596153846154 0.005408653846153846
2 0.9435096153846154 0.6514423076923077 0.014423076923076924 0.014122596153846154
2 0.9302884615384616 0.4567307692307692 0.016526442307692308 0.016526442307692308
2 0.9735576923076923 0.44350961538461536 0.009915865384615384 0.01171875
2 0.9122596153846154 0.25721153846153844 0.019230769230769232 0.013822115384615384
2 0.9242788461538461 0.2800480769230769 0.009615384615384616 0.009615384615384616
2 0.9483173076923077 0.27283653846153844 0.007512019230769231 0.007512019230769231
2 0.9711538461538461 0.28725961538461536 0.009915865384615384 0.009615384615384616
0 0.34975961538461536 0.3125 0.0673076923076923 0.04296875
0 0.5673076923076923 0.3485576923076923 0.15384615384615385 0.028545673076923076
0 0.5 0.421875 0.033052884615384616 0.031850961538461536
0 0.5865384615384616 0.5853365384615384 0.046875 0.04717548076923077
0 0.5901442307692307 0.6538461538461539 0.048978365384615384 0.04927884615384615
0 0.7319711538461539 0.5012019230769231 0.13251201923076922 0.08443509615384616
1 0.4014423076923077 0.6526442307692307 0.03545673076923077 0.03515625
1 0.42427884615384615 0.6153846153846154 0.055288461538461536 0.03786057692307692
1 0.46274038461538464 0.5841346153846154 0.035757211538461536 0.033353365384615384
1 0.71875 0.42427884615384615 0.045072115384615384 0.04567307692307692
1 0.7151442307692307 0.3389423076923077 0.056790865384615384 0.056790865384615384
1 0.5961538461538461 0.4026442307692308 0.019230769230769232 0.016526442307692308