1 0.2980769230769231 0.3401442307692308 0.043870192307692304 0.02403846153846154
1 0.8665865384615384 0.3713942307692308 0.03245192307692308 0.03245192307692308
1 0.3449519230769231 0.6153846153846154 0.02403846153846154 0.02403846153846154
1 0.3473557692307692 0.5528846153846154 0.06009615384615385 0.06009615384615385
1 0.6658653846153846 0.7776442307692307 0.013221153846153846 0.017427884615384616
1 0.5216346153846154 0.7367788461538461 0.015625 0.014423076923076924
1 0.6778846153846154 0.65625 0.11838942307692307 0.11838942307692307
1 0.6802884615384616 0.7403846153846154 0.014423076923076924 0.010817307692307692
0 0.4879807692307692 0.6418269230769231 0.08143028846153846 0.08143028846153846
0 0.6850961538461539 0.5528846153846154 0.030949519230769232 0.03064903846153846
0 0.6838942307692307 0.5348557692307693 0.041165865384615384 0.040865384615384616
0 0.5925480769230769 0.5673076923076923 0.016826923076923076 0.028545673076923076
0 0.5865384615384616 0.5240384615384616 0.12620192307692307 0.07211538461538461
0 0.48677884615384615 0.5288461538461539 0.04447115384615385 0.04447115384615385
0 0.5745192307692307 0.4423076923076923 0.04537259615384615 0.045973557692307696