0 0.2932692307692308 0.46634615384615385 0.014423076923076924 0.019831730769230768
2 0.6009615384615384 0.6358173076923077 0.0928485576923077 0.0928485576923077
2 0.6454326923076923 0.7331730769230769 0.04056490384615385 0.0234375
2 0.9447115384615384 0.1310096153846154 0.08713942307692307 0.08774038461538461
2 0.75 0.6177884615384616 0.028545673076923076 0.043870192307692304
2 0.7127403846153846 0.5805288461538461 0.04567307692307692 0.017127403846153848
2 0.8125 0.15625 0.05889423076923077 0.21213942307692307
0 0.4699519230769231 0.24158653846153846 0.06219951923076923 0.0625
0 0.5228365384615384 0.4375 0.06129807692307692 0.06099759615384615
0 0.36899038461538464 0.5048076923076923 0.08052884615384616 0.08082932692307693
0 0.671875 0.375 0.2421875 0.0811298076923077
0 0.6634615384615384 0.5336538461538461 0.12439903846153846 0.08143028846153846
0 0.5649038461538461 0.7067307692307693 0.0907451923076923 0.09164663461538461
0 0.3401442307692308 0.6935096153846154 0.2626201923076923 0.22295673076923078