2 0.9074519230769231 0.2860576923076923 0.017127403846153848 0.009915865384615384
2 0.9242788461538461 0.30528846153846156 0.012620192307692308 0.009014423076923076
2 0.9471153846153846 0.3016826923076923 0.008413461538461538 0.008413461538461538
2 0.9314903846153846 0.4987980769230769 0.020432692307692308 0.020432692307692308
2 0.8954326923076923 0.6911057692307693 0.018028846153846152 0.018028846153846152
2 0.9134615384615384 0.7199519230769231 0.014122596153846154 0.007512019230769231
2 0.9495192307692307 0.7043269230769231 0.014122596153846154 0.014122596153846154
2 0.36538461538461536 0.36538461538461536 0.01893028846153846 0.009915865384615384
2 0.47716346153846156 0.04927884615384615 0.020432692307692308 0.020733173076923076
1 0.35216346153846156 0.6971153846153846 0.0390625 0.040865384615384616
1 0.3786057692307692 0.6586538461538461 0.05979567307692308 0.04296875
1 0.4230769230769231 0.6237980769230769 0.038161057692307696 0.038461538461538464
1 0.6983173076923077 0.45552884615384615 0.019230769230769232 0.0694110576923077
1 0.6995192307692307 0.36778846153846156 0.047776442307692304 0.07181490384615384
0 0.5360576923076923 0.3762019230769231 0.16346153846153846 0.027043269230769232
0 0.4651442307692308 0.4519230769230769 0.03125 0.03155048076923077
0 0.5564903846153846 0.6310096153846154 0.05048076923076923 0.057692307692307696
0 0.5576923076923077 0.7019230769230769 0.057992788461538464 0.04296875
0 0.3076923076923077 0.3329326923076923 0.055288461538461536 0.0546875
0 0.7199519230769231 0.5384615384615384 0.11868990384615384 0.11929086538461539
1 0.5709134615384616 0.43509615384615385 0.019230769230769232 0.014423076923076924