2 0.9074519230769231 0.2860576923076923 0.017427884615384616 0.010216346153846154
2 0.9242788461538461 0.30528846153846156 0.01141826923076923 0.010216346153846154
2 0.9471153846153846 0.3016826923076923 0.009615384615384616 0.007211538461538462
2 0.9314903846153846 0.4987980769230769 0.019230769230769232 0.021634615384615384
2 0.8954326923076923 0.6911057692307693 0.021634615384615384 0.014423076923076924
2 0.9134615384615384 0.7199519230769231 0.014122596153846154 0.007512019230769231
2 0.9495192307692307 0.7043269230769231 0.014122596153846154 0.014122596153846154
2 0.36538461538461536 0.36538461538461536 0.014122596153846154 0.014723557692307692
2 0.47716346153846156 0.04927884615384615 0.019230769230769232 0.021935096153846152
1 0.35216346153846156 0.6971153846153846 0.03936298076923077 0.04026442307692308
1 0.3786057692307692 0.6586538461538461 0.051382211538461536 0.051382211538461536
1 0.4230769230769231 0.6237980769230769 0.03786057692307692 0.038461538461538464
1 0.6983173076923077 0.45552884615384615 0.019230769230769232 0.0694110576923077
1 0.6995192307692307 0.36778846153846156 0.05979567307692308 0.05979567307692308
0 0.5360576923076923 0.3762019230769231 0.09495192307692307 0.09555288461538461
0 0.4651442307692308 0.4519230769230769 0.019230769230769232 0.043569711538461536
0 0.5564903846153846 0.6310096153846154 0.054086538461538464 0.054086538461538464
0 0.5576923076923077 0.7019230769230769 0.05078125 0.050180288461538464
0 0.3076923076923077 0.3329326923076923 0.055288461538461536 0.0546875
0 0.7199519230769231 0.5384615384615384 0.11868990384615384 0.11929086538461539
1 0.5709134615384616 0.43509615384615385 0.016826923076923076 0.016826923076923076