0 0.2932692307692308 0.46634615384615385 0.014423076923076924 0.019831730769230768
2 0.6009615384615384 0.6358173076923077 0.0928485576923077 0.0928485576923077
2 0.6454326923076923 0.7331730769230769 0.031850961538461536 0.03125
2 0.9447115384615384 0.1310096153846154 0.10997596153846154 0.06490384615384616
2 0.75 0.6177884615384616 0.035757211538461536 0.03665865384615385
2 0.7127403846153846 0.5805288461538461 0.04567307692307692 0.017427884615384616
2 0.8125 0.15625 0.05829326923076923 0.21183894230769232
0 0.4699519230769231 0.24158653846153846 0.06911057692307693 0.055288461538461536
0 0.5228365384615384 0.4375 0.040865384615384616 0.08143028846153846
0 0.36899038461538464 0.5048076923076923 0.08052884615384616 0.08082932692307693
0 0.671875 0.375 0.24248798076923078 0.08143028846153846
0 0.6634615384615384 0.5336538461538461 0.12439903846153846 0.08143028846153846
0 0.5649038461538461 0.7067307692307693 0.0907451923076923 0.09164663461538461
0 0.3401442307692308 0.6935096153846154 0.26231971153846156 0.22325721153846154