1 0.3173076923076923 0.9915865384615384 0.027644230769230768 0.014423076923076924
1 0.41466346153846156 0.0829326923076923 0.07662259615384616 0.07692307692307693
1 0.4951923076923077 0.1502403846153846 0.08653846153846154 0.05498798076923077
1 0.49158653846153844 0.10576923076923077 0.052884615384615384 0.028245192307692308
1 0.6298076923076923 0.4110576923076923 0.1201923076923077 0.1346153846153846
1 0.6490384615384616 0.5012019230769231 0.024338942307692308 0.017127403846153848
1 0.5432692307692307 0.4423076923076923 0.014122596153846154 0.009915865384615384
1 0.5036057692307693 0.30288461538461536 0.030048076923076924 0.030048076923076924
1 0.4807692307692308 0.3293269230769231 0.01622596153846154 0.017427884615384616
1 0.4795673076923077 0.35697115384615385 0.020432692307692308 0.020432692307692308
1 0.47836538461538464 0.38461538461538464 0.012319711538461538 0.01171875
1 0.4579326923076923 0.41947115384615385 0.022235576923076924 0.021033653846153848
1 0.4735576923076923 0.49158653846153844 0.02403846153846154 0.017127403846153848
1 0.4963942307692308 0.47716346153846156 0.10516826923076923 0.1045673076923077
1 0.43509615384615385 0.5853365384615384 0.024639423076923076 0.026141826923076924
1 0.3918269230769231 0.6574519230769231 0.05829326923076923 0.05859375
1 0.44711538461538464 0.6490384615384616 0.038461538461538464 0.028245192307692308