0 0.5745192307692307 0.296875 0.061899038461538464 0.055588942307692304
0 0.35216346153846156 0.5072115384615384 0.016826923076923076 0.0234375
0 0.421875 0.5552884615384616 0.05979567307692308 0.10546875
0 0.5925480769230769 0.5012019230769231 0.0546875 0.07692307692307693
0 0.75 0.44591346153846156 0.15534855769230768 0.15534855769230768
0 0.7235576923076923 0.6141826923076923 0.10606971153846154 0.10576923076923077
0 0.5901442307692307 0.7836538461538461 0.08443509615384616 0.09104567307692307
0 0.35216346153846156 0.7536057692307693 0.2725360576923077 0.27283653846153844
2 0.6177884615384616 0.703125 0.07391826923076923 0.07391826923076923
2 0.9567307692307693 0.8641826923076923 0.04146634615384615 0.040865384615384616
2 0.9350961538461539 0.140625 0.04807692307692308 0.021935096153846152
2 0.625 0.5685096153846154 0.03876201923076923 0.012319711538461538
2 0.7067307692307693 0.671875 0.04296875 0.041165865384615384
2 0.8990384615384616 0.14543269230769232 0.02403846153846154 0.025841346153846152
2 0.8774038461538461 0.09134615384615384 0.033353365384615384 0.033353365384615384