1 0.6370192307692307 0.3449519230769231 0.09134615384615384 0.07421875
1 0.7019230769230769 0.33653846153846156 0.01953125 0.02403846153846154
1 0.734375 0.34375 0.024939903846153848 0.025540865384615384
1 0.5769230769230769 0.5 0.021334134615384616 0.021935096153846152
1 0.38221153846153844 0.7403846153846154 0.01953125 0.028245192307692308
1 0.3161057692307692 0.6526442307692307 0.010817307692307692 0.011117788461538462
1 0.3245192307692308 0.7139423076923077 0.04266826923076923 0.05739182692307692
1 0.25600961538461536 0.6730769230769231 0.08263221153846154 0.08323317307692307
1 0.25 0.6237980769230769 0.009915865384615384 0.012319711538461538
2 0.28365384615384615 0.3233173076923077 0.009314903846153846 0.01171875
2 0.3112980769230769 0.2548076923076923 0.00811298076923077 0.008413461538461538
2 0.2956730769230769 0.234375 0.0078125 0.007211538461538462
2 0.2403846153846154 0.20192307692307693 0.007211538461538462 0.006911057692307692
2 0.11298076923076923 0.18870192307692307 0.0078125 0.007211538461538462
0 0.30408653846153844 0.7704326923076923 0.04326923076923077 0.03635817307692308
0 0.46033653846153844 0.9122596153846154 0.09885817307692307 0.0985576923076923
0 0.5625 0.8329326923076923 0.0673076923076923 0.050180288461538464
0 0.43149038461538464 0.7740384615384616 0.04176682692307692 0.042367788461538464
0 0.4014423076923077 0.6826923076923077 0.06700721153846154 0.029146634615384616
0 0.4110576923076923 0.5997596153846154 0.14723557692307693 0.1466346153846154
0 0.44591346153846156 0.4411057692307692 0.06460336538461539 0.052884615384615384