1 0.43149038461538464 0.26322115384615385 0.14693509615384615 0.10336538461538461
1 0.2956730769230769 0.23076923076923078 0.10606971153846154 0.04837740384615385
1 0.28365384615384615 0.2956730769230769 0.014122596153846154 0.014122596153846154
1 0.3016826923076923 0.3858173076923077 0.11538461538461539 0.052884615384615384
1 0.19230769230769232 0.42427884615384615 0.04146634615384615 0.04266826923076923
1 0.2439903846153846 0.5661057692307693 0.01622596153846154 0.040865384615384616
1 0.23918269230769232 0.44591346153846156 0.016526442307692308 0.03125
1 0.24158653846153846 0.4795673076923077 0.014423076923076924 0.012319711538461538
1 0.23918269230769232 0.5072115384615384 0.01201923076923077 0.03395432692307692
1 0.20192307692307693 0.8329326923076923 0.018028846153846152 0.026442307692307692
1 0.1875 0.8990384615384616 0.028545673076923076 0.047475961538461536
1 0.20793269230769232 0.9579326923076923 0.026442307692307692 0.02674278846153846
1 0.1141826923076923 0.8870192307692307 0.028846153846153848 0.025240384615384616
1 0.10576923076923077 0.9362980769230769 0.028245192307692308 0.040865384615384616
1 0.13701923076923078 0.9747596153846154 0.023137019230769232 0.023137019230769232
1 0.14543269230769232 0.9519230769230769 0.025540865384615384 0.025240384615384616
1 0.20793269230769232 0.9939903846153846 0.05048076923076923 0.0078125
0 0.43028846153846156 0.6514423076923077 0.05588942307692308 0.054086538461538464
0 0.5036057692307693 0.7067307692307693 0.030949519230769232 0.125
0 0.6730769230769231 0.7307692307692307 0.0967548076923077 0.1346153846153846
0 0.5444711538461539 0.5228365384615384 0.052884615384615384 0.050180288461538464
0 0.5997596153846154 0.46274038461538464 0.05078125 0.050180288461538464
0 0.5180288461538461 0.3918269230769231 0.027644230769230768 0.027644230769230768
0 0.4266826923076923 0.4987980769230769 0.07692307692307693 0.038461538461538464