1 0.9831730769230769 0.4411057692307692 0.03365384615384615 0.036057692307692304
1 0.8377403846153846 0.375 0.03635817307692308 0.03365384615384615
1 0.484375 0.22355769230769232 0.02674278846153846 0.0234375
1 0.4963942307692308 0.24639423076923078 0.02674278846153846 0.016826923076923076
1 0.26802884615384615 0.32091346153846156 0.03485576923076923 0.03485576923076923
1 0.3112980769230769 0.5985576923076923 0.020733173076923076 0.020733173076923076
1 0.31490384615384615 0.5384615384615384 0.06700721153846154 0.06219951923076923
1 0.4014423076923077 0.6117788461538461 0.019831730769230768 0.021033653846153848
1 0.47716346153846156 0.7247596153846154 0.017127403846153848 0.016526442307692308
1 0.6201923076923077 0.7572115384615384 0.019230769230769232 0.034254807692307696
1 0.6346153846153846 0.7283653846153846 0.017127403846153848 0.017127403846153848
1 0.640625 0.6466346153846154 0.10817307692307693 0.1346153846153846
0 0.6466346153846154 0.5480769230769231 0.027043269230769232 0.026442307692307692
0 0.6466346153846154 0.5288461538461539 0.04056490384615385 0.040865384615384616
0 0.5576923076923077 0.5588942307692307 0.022235576923076924 0.02283653846153846
0 0.5540865384615384 0.5180288461538461 0.13731971153846154 0.0673076923076923
0 0.4495192307692308 0.515625 0.037259615384615384 0.038461538461538464
0 0.5420673076923077 0.43509615384615385 0.052884615384615384 0.02403846153846154
0 0.4495192307692308 0.6298076923076923 0.0790264423076923 0.07932692307692307