1 0.5805288461538461 0.36177884615384615 0.09375 0.17097355769230768
1 0.6875 0.34975961538461536 0.016526442307692308 0.016826923076923076
1 0.3918269230769231 0.46875 0.014723557692307692 0.005408653846153846
1 0.39903846153846156 0.44591346153846156 0.008713942307692308 0.00811298076923077
1 0.41586538461538464 0.4723557692307692 0.029447115384615384 0.028846153846153848
1 0.43509615384615385 0.5456730769230769 0.07151442307692307 0.07271634615384616
1 0.6009615384615384 0.6009615384615384 0.045072115384615384 0.045973557692307696
1 0.609375 0.5384615384615384 0.021334134615384616 0.03876201923076923
0 0.33774038461538464 0.7427884615384616 0.036057692307692304 0.028846153846153848
0 0.4951923076923077 0.7067307692307693 0.04837740384615385 0.03365384615384615
0 0.7512019230769231 0.45913461538461536 0.03245192307692308 0.03125
0 0.5 0.3425480769230769 0.05709134615384615 0.040865384615384616
0 0.7764423076923077 0.2860576923076923 0.09585336538461539 0.052884615384615384