1 0.43149038461538464 0.26322115384615385 0.12530048076923078 0.125
1 0.2956730769230769 0.23076923076923078 0.0772235576923077 0.0772235576923077
1 0.28365384615384615 0.2956730769230769 0.014122596153846154 0.014122596153846154
1 0.3016826923076923 0.3858173076923077 0.08413461538461539 0.08413461538461539
1 0.19230769230769232 0.42427884615384615 0.04176682692307692 0.042367788461538464
1 0.2439903846153846 0.5661057692307693 0.016526442307692308 0.040865384615384616
1 0.23918269230769232 0.44591346153846156 0.023737980769230768 0.02403846153846154
1 0.24158653846153846 0.4795673076923077 0.013221153846153846 0.013521634615384616
1 0.23918269230769232 0.5072115384615384 0.01201923076923077 0.03395432692307692
1 0.20192307692307693 0.8329326923076923 0.022235576923076924 0.02283653846153846
1 0.1875 0.8990384615384616 0.028245192307692308 0.046875
1 0.20793269230769232 0.9579326923076923 0.03125 0.022235576923076924
1 0.1141826923076923 0.8870192307692307 0.026442307692307692 0.027043269230769232
1 0.10576923076923077 0.9362980769230769 0.034555288461538464 0.03485576923076923
1 0.13701923076923078 0.9747596153846154 0.0234375 0.0234375
1 0.14543269230769232 0.9519230769230769 0.025540865384615384 0.025240384615384616
1 0.20673076923076922 0.9891826923076923 0.028846153846153848 0.021634615384615384
0 0.43028846153846156 0.6514423076923077 0.06760817307692307 0.04266826923076923
0 0.5036057692307693 0.7067307692307693 0.07782451923076923 0.078125
0 0.6730769230769231 0.7307692307692307 0.09645432692307693 0.1346153846153846
0 0.5444711538461539 0.5228365384615384 0.052884615384615384 0.050180288461538464
0 0.5997596153846154 0.46274038461538464 0.055588942307692304 0.04537259615384615
0 0.5180288461538461 0.3918269230769231 0.026442307692307692 0.028846153846153848
0 0.4266826923076923 0.4987980769230769 0.057692307692307696 0.057692307692307696