1 0.07211538461538461 0.20673076923076922 0.07241586538461539 0.08143028846153846
1 0.14423076923076922 0.2439903846153846 0.048677884615384616 0.055588942307692304
1 0.15865384615384615 0.3245192307692308 0.07151442307692307 0.0733173076923077
1 0.1141826923076923 0.3161057692307692 0.019230769230769232 0.0673076923076923
1 0.0829326923076923 0.3401442307692308 0.031850961538461536 0.038461538461538464
1 0.06490384615384616 0.3713942307692308 0.015625 0.01532451923076923
1 0.07451923076923077 0.40024038461538464 0.028245192307692308 0.027644230769230768
1 0.0829326923076923 0.42908653846153844 0.01622596153846154 0.01201923076923077
1 0.07091346153846154 0.4699519230769231 0.020432692307692308 0.021033653846153848
1 0.2127403846153846 0.3605769230769231 0.026442307692307692 0.014423076923076924
1 0.17668269230769232 0.47596153846153844 0.017127403846153848 0.014423076923076924
1 0.31009615384615385 0.5168269230769231 0.024338942307692308 0.0234375
1 0.23798076923076922 0.5264423076923077 0.014122596153846154 0.009314903846153846
1 0.36538461538461536 0.40865384615384615 0.019831730769230768 0.020432692307692308
1 0.2536057692307692 0.42908653846153844 0.13341346153846154 0.13341346153846154
1 0.1141826923076923 0.5408653846153846 0.026442307692307692 0.01953125
1 0.13581730769230768 0.5240384615384616 0.1141826923076923 0.11478365384615384
1 0.10817307692307693 0.6490384615384616 0.025841346153846152 0.027043269230769232
1 0.08653846153846154 0.7331730769230769 0.06430288461538461 0.06520432692307693
1 0.14543269230769232 0.7127403846153846 0.03365384615384615 0.03665865384615385