1 0.16947115384615385 0.4074519230769231 0.05979567307692308 0.021935096153846152
1 0.22596153846153846 0.5516826923076923 0.030048076923076924 0.029447115384615384
1 0.22355769230769232 0.46274038461538464 0.014723557692307692 0.01171875
1 0.21754807692307693 0.4879807692307692 0.009615384615384616 0.024639423076923076
1 0.22355769230769232 0.44350961538461536 0.013822115384615384 0.009615384615384616
1 0.40865384615384615 0.24158653846153846 0.12590144230769232 0.12620192307692307
1 0.2704326923076923 0.21033653846153846 0.10817307692307693 0.050180288461538464
1 0.25841346153846156 0.2776442307692308 0.012319711538461538 0.009615384615384616
1 0.2800480769230769 0.36778846153846156 0.08323317307692307 0.0829326923076923
1 0.18028846153846154 0.8858173076923077 0.028846153846153848 0.04807692307692308
1 0.20552884615384615 0.9435096153846154 0.038461538461538464 0.021935096153846152
1 0.1935096153846154 0.8221153846153846 0.017127403846153848 0.048677884615384616
1 0.10817307692307693 0.8774038461538461 0.03155048076923077 0.03125
1 0.125 0.9507211538461539 0.0546875 0.054086538461538464
0 0.4987980769230769 0.37259615384615385 0.02734375 0.02794471153846154
0 0.4098557692307692 0.4795673076923077 0.0790264423076923 0.041165865384615384
0 0.6610576923076923 0.7067307692307693 0.11358173076923077 0.11328125
0 0.49278846153846156 0.6875 0.07662259615384616 0.07632211538461539
0 0.4170673076923077 0.6334134615384616 0.052884615384615384 0.05318509615384615
0 0.5276442307692307 0.5036057692307693 0.054086538461538464 0.05438701923076923
0 0.5805288461538461 0.44350961538461536 0.05048076923076923 0.05048076923076923
1 0.20793269230769232 0.9735576923076923 0.007211538461538462 0.005408653846153846
1 0.2283653846153846 0.9807692307692307 0.005408653846153846 0.005108173076923077
1 0.18509615384615385 0.9819711538461539 0.009314903846153846 0.004807692307692308