1 0.46634615384615385 0.21875 0.021935096153846152 0.021935096153846152
1 0.4795673076923077 0.24158653846153846 0.026442307692307692 0.016526442307692308
1 0.8221153846153846 0.36778846153846156 0.03545673076923077 0.03485576923076923
1 0.9747596153846154 0.4362980769230769 0.037259615384615384 0.03756009615384615
1 0.2512019230769231 0.31971153846153844 0.040865384615384616 0.024338942307692308
1 0.30288461538461536 0.5360576923076923 0.060396634615384616 0.05979567307692308
1 0.3004807692307692 0.5985576923076923 0.01893028846153846 0.01953125
1 0.3918269230769231 0.609375 0.015024038461538462 0.016526442307692308
1 0.47115384615384615 0.7199519230769231 0.017728365384615384 0.018028846153846152
1 0.6141826923076923 0.7512019230769231 0.02403846153846154 0.024639423076923076
1 0.6262019230769231 0.7247596153846154 0.019230769230769232 0.014423076923076924
1 0.6322115384615384 0.6454326923076923 0.12109375 0.12139423076923077
0 0.4411057692307692 0.6262019230769231 0.07842548076923077 0.078125
0 0.546875 0.5552884615384616 0.021334134615384616 0.02403846153846154
0 0.6382211538461539 0.5432692307692307 0.02734375 0.02794471153846154
0 0.6370192307692307 0.5240384615384616 0.0390625 0.038161057692307696
0 0.5420673076923077 0.5132211538461539 0.13641826923076922 0.0673076923076923
0 0.4411057692307692 0.5144230769230769 0.042367788461538464 0.04146634615384615
0 0.5300480769230769 0.43149038461538464 0.055288461538461536 0.02403846153846154