1 0.3942307692307692 0.25240384615384615 0.14453125 0.1006610576923077
1 0.25721153846153844 0.22235576923076922 0.10546875 0.04807692307692308
1 0.24759615384615385 0.28846153846153844 0.013822115384615384 0.010216346153846154
1 0.2692307692307692 0.3762019230769231 0.08173076923076923 0.08173076923076923
1 0.15865384615384615 0.41586538461538464 0.040865384615384616 0.04026442307692308
1 0.203125 0.42788461538461536 0.009615384615384616 0.009014423076923076
1 0.21634615384615385 0.4519230769230769 0.01171875 0.012319711538461538
1 0.21394230769230768 0.4723557692307692 0.013521634615384616 0.012920673076923076
1 0.21995192307692307 0.5588942307692307 0.016526442307692308 0.040865384615384616
1 0.2127403846153846 0.4951923076923077 0.01201923076923077 0.028545673076923076
1 0.17668269230769232 0.890625 0.036057692307692304 0.036057692307692304
1 0.18629807692307693 0.828125 0.02403846153846154 0.024338942307692308
1 0.203125 0.9483173076923077 0.029146634615384616 0.028545673076923076
1 0.11658653846153846 0.9459134615384616 0.06520432692307693 0.057692307692307696
1 0.10336538461538461 0.8810096153846154 0.03365384615384615 0.028846153846153848
1 0.17908653846153846 0.984375 0.01201923076923077 0.006911057692307692
1 0.22235576923076922 0.984375 0.009615384615384616 0.006911057692307692
0 0.39783653846153844 0.4855769230769231 0.07481971153846154 0.04296875
0 0.4831730769230769 0.37740384615384615 0.024338942307692308 0.024639423076923076
0 0.6466346153846154 0.7067307692307693 0.1171875 0.1171875
0 0.4855769230769231 0.6899038461538461 0.03365384615384615 0.12439903846153846
0 0.40625 0.6370192307692307 0.07151442307692307 0.03876201923076923
0 0.5144230769230769 0.5072115384615384 0.052584134615384616 0.05228365384615385
0 0.5649038461538461 0.4483173076923077 0.049879807692307696 0.04957932692307692