1 0.5072115384615384 0.22115384615384615 0.029146634615384616 0.01893028846153846
1 0.5228365384615384 0.24158653846153846 0.024939903846153848 0.025240384615384616
1 0.29447115384615385 0.31971153846153844 0.037259615384615384 0.036959134615384616
1 0.8629807692307693 0.3737980769230769 0.034555288461538464 0.034555288461538464
1 0.4963942307692308 0.7223557692307693 0.016826923076923076 0.016826923076923076
1 0.640625 0.7572115384615384 0.025240384615384616 0.025540865384615384
1 0.6550480769230769 0.7331730769230769 0.010516826923076924 0.010817307692307692
1 0.6574519230769231 0.6478365384615384 0.12109375 0.12139423076923077
1 0.6466346153846154 0.7235576923076923 0.009915865384615384 0.009615384615384616
1 0.421875 0.609375 0.016826923076923076 0.016826923076923076
1 0.33052884615384615 0.5961538461538461 0.018629807692307692 0.018028846153846152
1 0.33533653846153844 0.5348557692307693 0.06009615384615385 0.060396634615384616
0 0.4675480769230769 0.6286057692307693 0.07752403846153846 0.07752403846153846
0 0.578125 0.5576923076923077 0.02403846153846154 0.0234375
0 0.6706730769230769 0.5480769230769231 0.013822115384615384 0.033353365384615384
0 0.6694711538461539 0.5288461538461539 0.03936298076923077 0.039663461538461536
0 0.5745192307692307 0.5180288461538461 0.13912259615384615 0.07211538461538461
0 0.47115384615384615 0.5144230769230769 0.040865384615384616 0.040865384615384616
0 0.5637019230769231 0.4338942307692308 0.040865384615384616 0.040865384615384616