1 0.45913461538461536 0.26802884615384615 0.14362980769230768 0.1424278846153846
1 0.5600961538461539 0.23677884615384615 0.0234375 0.014423076923076924
1 0.5564903846153846 0.44471153846153844 0.028846153846153848 0.029447115384615384
1 0.3125 0.421875 0.014122596153846154 0.007512019230769231
1 0.30649038461538464 0.3954326923076923 0.007512019230769231 0.007211538461538462
1 0.33413461538461536 0.41947115384615385 0.03125 0.033052884615384616
1 0.38100961538461536 0.49038461538461536 0.10396634615384616 0.05348557692307692
1 0.5721153846153846 0.5072115384615384 0.043870192307692304 0.043870192307692304
0 0.36778846153846156 0.703125 0.03125 0.03125
0 0.5096153846153846 0.6334134615384616 0.057692307692307696 0.026442307692307692
0 0.6670673076923077 0.33413461538461536 0.036057692307692304 0.04296875
0 0.36778846153846156 0.2692307692307692 0.05318509615384615 0.05318509615384615
0 0.6225961538461539 0.15384615384615385 0.08173076923076923 0.07241586538461539