0 0.6538461538461539 0.375 0.029447115384615384 0.09495192307692307
0 0.5012019230769231 0.4074519230769231 0.04567307692307692 0.04567307692307692
0 0.4639423076923077 0.48677884615384615 0.038161057692307696 0.038461538461538464
0 0.5612980769230769 0.4831730769230769 0.04807692307692308 0.028545673076923076
0 0.6634615384615384 0.6574519230769231 0.043569711538461536 0.028846153846153848
0 0.5240384615384616 0.6262019230769231 0.027644230769230768 0.025841346153846152
2 0.4675480769230769 0.7848557692307693 0.018028846153846152 0.018629807692307692
1 0.44350961538461536 0.6189903846153846 0.021334134615384616 0.014423076923076924
1 0.48197115384615385 0.6694711538461539 0.014423076923076924 0.01201923076923077
1 0.6911057692307693 0.5408653846153846 0.04537259615384615 0.04266826923076923
1 0.6778846153846154 0.5769230769230769 0.028846153846153848 0.029146634615384616
1 0.390625 0.6911057692307693 0.013221153846153846 0.013221153846153846
1 0.3401442307692308 0.7043269230769231 0.04567307692307692 0.038461538461538464
1 0.3641826923076923 0.6358173076923077 0.0751201923076923 0.09435096153846154