1 0.265625 0.2403846153846154 0.07932692307692307 0.0790264423076923
1 0.40024038461538464 0.26802884615384615 0.12469951923076923 0.12530048076923078
1 0.2536057692307692 0.30528846153846156 0.014423076923076924 0.009615384615384616
1 0.2800480769230769 0.3942307692307692 0.08173076923076923 0.08233173076923077
1 0.16947115384615385 0.43509615384615385 0.04176682692307692 0.04146634615384615
1 0.2247596153846154 0.4891826923076923 0.013221153846153846 0.013221153846153846
1 0.22115384615384615 0.4579326923076923 0.01953125 0.03125
1 0.21875 0.5144230769230769 0.013822115384615384 0.029447115384615384
1 0.22716346153846154 0.5588942307692307 0.014423076923076924 0.009615384615384616
1 0.23197115384615385 0.5841346153846154 0.01201923076923077 0.024639423076923076
1 0.1935096153846154 0.9086538461538461 0.028846153846153848 0.04266826923076923
1 0.203125 0.8473557692307693 0.025240384615384616 0.025240384615384616
1 0.11778846153846154 0.9002403846153846 0.03365384615384615 0.031850961538461536
1 0.22115384615384615 0.9627403846153846 0.04296875 0.03125
1 0.14903846153846154 0.9603365384615384 0.033353365384615384 0.007512019230769231
1 0.13942307692307693 0.984375 0.020432692307692308 0.020733173076923076
1 0.1141826923076923 0.9519230769230769 0.025540865384615384 0.025540865384615384
0 0.4074519230769231 0.5012019230769231 0.0790264423076923 0.04326923076923077
0 0.4951923076923077 0.39302884615384615 0.02403846153846154 0.028846153846153848
0 0.5769230769230769 0.46153846153846156 0.05709134615384615 0.047776442307692304
0 0.5264423076923077 0.5216346153846154 0.052584134615384616 0.05318509615384615
0 0.421875 0.6550480769230769 0.06490384615384616 0.041165865384615384
0 0.6658653846153846 0.7235576923076923 0.10126201923076923 0.12980769230769232
0 0.4987980769230769 0.7067307692307693 0.07602163461538461 0.0751201923076923