1 0.21995192307692307 0.24759615384615385 0.078125 0.07782451923076923
1 0.21033653846153846 0.31490384615384615 0.01141826923076923 0.013221153846153846
1 0.3557692307692308 0.27403846153846156 0.12439903846153846 0.12530048076923078
1 0.23918269230769232 0.4014423076923077 0.08052884615384616 0.08082932692307693
1 0.12980769230769232 0.44591346153846156 0.0390625 0.0390625
1 0.18870192307692307 0.4987980769230769 0.01201923076923077 0.01201923076923077
1 0.19831730769230768 0.5865384615384616 0.021634615384615384 0.043569711538461536
1 0.1814903846153846 0.4651442307692308 0.016826923076923076 0.03125
1 0.18629807692307693 0.5240384615384616 0.019230769230769232 0.01953125
1 0.1814903846153846 0.8569711538461539 0.03064903846153846 0.031850961538461536
1 0.18509615384615385 0.9362980769230769 0.023737980769230768 0.017127403846153848
1 0.17067307692307693 0.9134615384615384 0.019230769230769232 0.020432692307692308
1 0.2091346153846154 0.9807692307692307 0.04837740384615385 0.01893028846153846
1 0.10216346153846154 0.9146634615384616 0.036057692307692304 0.03155048076923077
1 0.09134615384615384 0.9543269230769231 0.043870192307692304 0.043569711538461536
1 0.1346153846153846 0.9759615384615384 0.021334134615384616 0.022235576923076924
1 0.11899038461538461 0.9927884615384616 0.03125 0.014423076923076924
0 0.3737980769230769 0.5072115384615384 0.07932692307692307 0.038161057692307696
0 0.45552884615384615 0.39663461538461536 0.026442307692307692 0.028846153846153848
0 0.5408653846153846 0.46274038461538464 0.05318509615384615 0.045973557692307696
0 0.4951923076923077 0.5252403846153846 0.0546875 0.054086538461538464
0 0.39302884615384615 0.6598557692307693 0.0673076923076923 0.04537259615384615
0 0.6466346153846154 0.7247596153846154 0.1201923076923077 0.12079326923076923
0 0.47716346153846156 0.7103365384615384 0.028846153846153848 0.12740384615384615