0 0.5745192307692307 0.296875 0.061899038461538464 0.055588942307692304
0 0.35216346153846156 0.5072115384615384 0.020432692307692308 0.019831730769230768
0 0.421875 0.5552884615384616 0.05979567307692308 0.10546875
0 0.5925480769230769 0.5012019230769231 0.06580528846153846 0.06610576923076923
0 0.75 0.44591346153846156 0.15534855769230768 0.15534855769230768
0 0.7235576923076923 0.6141826923076923 0.13521634615384615 0.07692307692307693
0 0.5901442307692307 0.7836538461538461 0.08804086538461539 0.08743990384615384
0 0.35216346153846156 0.7536057692307693 0.32421875 0.22115384615384615
2 0.6177884615384616 0.703125 0.09645432692307693 0.05078125
2 0.9567307692307693 0.8641826923076923 0.048677884615384616 0.03365384615384615
2 0.9350961538461539 0.140625 0.03485576923076923 0.03545673076923077
2 0.625 0.5685096153846154 0.025540865384615384 0.025540865384615384
2 0.7067307692307693 0.671875 0.04176682692307692 0.042367788461538464
2 0.8990384615384616 0.14543269230769232 0.02403846153846154 0.026141826923076924
2 0.8774038461538461 0.09134615384615384 0.033353365384615384 0.033353365384615384