1 0.40625 0.28725961538461536 0.12259615384615384 0.12259615384615384
1 0.2704326923076923 0.25721153846153844 0.10366586538461539 0.043870192307692304
1 0.25961538461538464 0.32091346153846156 0.01201923076923077 0.01201923076923077
1 0.28125 0.40865384615384615 0.08143028846153846 0.08173076923076923
1 0.16826923076923078 0.44711538461538464 0.05739182692307692 0.019831730769230768
1 0.2247596153846154 0.5889423076923077 0.012319711538461538 0.04266826923076923
1 0.22355769230769232 0.5036057692307693 0.014423076923076924 0.012620192307692308
1 0.21634615384615385 0.5276442307692307 0.0234375 0.022536057692307692
1 0.22355769230769232 0.48197115384615385 0.009615384615384616 0.01171875
1 0.2127403846153846 0.4579326923076923 0.009014423076923076 0.008413461538461538
1 0.17067307692307693 0.9230769230769231 0.0390625 0.0390625
1 0.18870192307692307 0.8533653846153846 0.021334134615384616 0.03395432692307692
1 0.1971153846153846 0.9771634615384616 0.03545673076923077 0.03515625
1 0.09735576923076923 0.9122596153846154 0.029146634615384616 0.029146634615384616
1 0.11177884615384616 0.9711538461538461 0.05588942307692308 0.056490384615384616
0 0.4098557692307692 0.6694711538461539 0.052884615384615384 0.05348557692307692
0 0.40384615384615385 0.515625 0.0546875 0.0546875
0 0.49399038461538464 0.4110576923076923 0.024939903846153848 0.024939903846153848
0 0.5721153846153846 0.48197115384615385 0.056490384615384616 0.04567307692307692
0 0.5216346153846154 0.5408653846153846 0.0546875 0.054086538461538464
0 0.4855769230769231 0.7235576923076923 0.07241586538461539 0.07271634615384616
0 0.6538461538461539 0.7451923076923077 0.11598557692307693 0.1141826923076923