2 0.3137019230769231 0.24759615384615385 0.01171875 0.014423076923076924
2 0.15865384615384615 0.08173076923076923 0.009014423076923076 0.010216346153846154
2 0.33533653846153844 0.16346153846153846 0.007512019230769231 0.009014423076923076
2 0.3485576923076923 0.18870192307692307 0.006610576923076923 0.006310096153846154
1 0.5805288461538461 0.4795673076923077 0.02403846153846154 0.024639423076923076
1 0.6586538461538461 0.33774038461538464 0.09134615384615384 0.0703125
1 0.7247596153846154 0.35096153846153844 0.016526442307692308 0.024338942307692308
1 0.7596153846153846 0.36538461538461536 0.018629807692307692 0.019230769230769232
1 0.36177884615384615 0.6802884615384616 0.02403846153846154 0.0234375
1 0.2439903846153846 0.5336538461538461 0.010817307692307692 0.010516826923076924
1 0.30649038461538464 0.5793269230769231 0.009615384615384616 0.013822115384615384
1 0.2439903846153846 0.5877403846153846 0.08864182692307693 0.08924278846153846
1 0.31009615384615385 0.6418269230769231 0.03395432692307692 0.05739182692307692
0 0.45913461538461536 0.3954326923076923 0.055288461538461536 0.0546875
0 0.28125 0.6935096153846154 0.04326923076923077 0.040865384615384616
0 0.4050480769230769 0.7223557692307693 0.04447115384615385 0.04447115384615385
0 0.3870192307692308 0.6262019230769231 0.054086538461538464 0.053786057692307696
0 0.4182692307692308 0.8713942307692307 0.13521634615384615 0.0673076923076923
0 0.53125 0.8088942307692307 0.05889423076923077 0.05859375
0 0.40865384615384615 0.5456730769230769 0.17277644230769232 0.13972355769230768